1,51355
1,443
1,443
2,137
2,137
2,137
1,51434
1,51435
1,51434
1,51435
1,80
1,80
1,51434
1,51435
1,51434
1,80
1,51434
1,80
1,80
1,51434
1,80
1,80
1,51434
1,80
1,80
1,51434
1,80
1,80
1,80
1,51434
1,80
1,51434
1,80
1,80
1,51435
2,57593
2,53
1,51436
1,80
1,51436
1,51436
1,80
1,80
1,80
1,51436
1,80
1,80
1,80
1,51436
1,80
1,80
1,51436
1,51436
1,80
2,56696
2,53
1,51438
1,80
1,51438
1,51438
1,80
1,80
1,51438
1,51438
1,80
2,55229
2,53
1,51439
1,80
1,51439
1,51439
1,80
1,80
1,51439
1,51439
1,80
1,51435
1,80
2,137
2,137
2,137
1,51434
1,80
1,51434
1,80
1,51434
1,80
2,137
2,137
2,137
1,51434
1,80
1,51434
1,80
1,51434
1,80
1,80
1,80
1,51434
2,137
2,137
2,137
2,54752
2,53
1,51444
1,80
1,51444
1,51444
1,80
1,80
1,80
1,51444
1,51444
1,80
1,80
1,51444
1,51434
1,80
1,51434
1,80
2,138
2,137
2,137
2,137
1,51434
1,80
2,53044
2,53
1,51447
1,80
1,51447
1,51447
1,80
1,80
1,80
1,51447
2,62076
2,60279
2,53
1,51448
1,443
1,51448
1,51448
1,443
2,53
1,51449
1,443
1,443
1,51448
1,443
1,443
1,51448
1,51448
1,443
1,80
1,51449
1,51449
1,80
1,443
1,51448
1,443
1,80
1,51449
1,51449
1,80
1,51450
1,443
1,80
1,51450
1,51450
1,80
1,443
1,51448
1,80
1,51450
1,51450
1,80
1,51448
1,443
1,443
1,51448
1,51434
1,51447
1,80
1,80
1,80
1,51447
1,80
1,51434
1,80
1,51451
2,55539
1,80
1,80
1,51451
1,51451
1,80
1,80
1,80
1,51434
1,80
1,51451
2,53
1,51452
1,51453
1,51454
1,443
1,51453
1,443
1,51452
1,51453
1,443
1,51452
1,443
1,443
1,51454
1,443
1,443
1,443
1,443
1,443
1,51453
1,443
1,443
1,443
1,443
1,443
1,51452
1,51453
1,443
1,51452
1,443
1,443
1,51453
1,443
1,443
1,443
1,443
1,443
1,51453
1,443
1,443
1,51453
1,443
1,443
1,443
1,51453
1,443
1,443
1,51452
1,443
1,51453
1,443
1,443
1,51453
1,443
1,443
1,443
1,443
1,443
1,443
1,51453
1,51453
1,443
1,443
1,51453
1,443
1,443
1,443
1,51453
1,443
1,443
1,51453
1,443
1,443
1,51453
1,443
1,443
1,51453
1,443
1,443
1,51453
1,443
1,443
1,443
1,51453
1,443
1,443
1,51453
1,443
1,443
1,443
1,443
1,443
1,443
1,51453
1,443
1,443
1,51453
1,443
1,443
1,51453
1,443
1,443
1,443
1,51453
1,443
1,443
1,51453
1,443
1,443
1,51453
1,443
1,443
1,51453
1,443
1,443
1,51453
1,443
1,443
1,51453
1,443
1,443
1,443
1,51453
1,443
1,443
1,443
1,51453
1,443
1,443
1,51453
1,443
1,443
1,51453
2,57978
2,51493
1,443
1,443
1,51453
1,443
1,443
1,51453
1,443
1,443
1,51453
1,443
1,443
1,51453
1,443
1,443
1,51453
1,443
1,443
1,51453
1,443
1,443
1,443
1,51453
1,443
1,443
1,51453
1,443
1,443
1,51453
1,443
1,443
1,51453
1,443
1,443
1,51453
1,443
2,60100
1,443
1,443
1,51453
1,443
1,443
1,51453
1,443
1,443
1,51453
2,51106
2,64423
1,51455
2,53
1,51456
1,51457
1,51458
1,51459
1,51460
1,51461
2,53
1,51462
2,57795
2,58641
2,53
1,51463
1,51464
1,51465
1,51466
1,51467
1,51468
2,53
1,51469
1,443
1,51462
1,51462
1,443
1,80
1,51455
1,51455
1,51455
1,80
1,80
1,443
1,51457
1,443
1,51457
1,443
1,443
1,51462
1,443
1,443
1,443
1,51462
1,443
1,51456
1,51462
1,443
1,51456
1,443
1,443
1,51461
1,51461
1,443
1,443
1,51458
1,51458
1,443
1,443
1,51460
1,51460
1,443
1,443
1,51459
1,51459
1,443
1,51470
1,443
1,51462
1,443
1,51471
1,51472
2,53
2,53
1,51473
1,51474
1,51475
1,51476
2,51493
2,51493
1,443
1,443
1,443
1,51457
1,443
1,443
1,51457
1,443
1,443
1,443
1,51456
1,443
1,443
1,51456
1,443
1,443
1,51464
1,443
1,443
1,443
1,443
1,443
1,51468
1,51467
1,51463
1,51461
1,443
1,443
1,443
1,51461
1,443
1,443
1,443
1,51458
1,51466
1,443
1,443
1,443
1,443
1,51465
1,51458
1,443
1,443
1,51460
1,443
1,443
1,443
1,51460
1,443
1,443
1,51459
1,443
1,443
1,443
1,51459
1,443
1,51469
1,51457
1,443
1,51477
1,51457
1,443
1,51457
1,51457
1,443
1,443
1,51457
1,51457
1,443
1,51457
1,443
1,51457
1,443
1,443
1,51457
1,51457
1,443
1,51457
1,443
1,51457
1,443
1,51457
1,443
1,443
1,51457
1,51457
1,443
1,51457
1,443
1,51457
1,443
1,51457
1,443
1,443
1,51457
1,51457
1,443
1,51457
1,443
1,443
1,51457
1,51457
1,443
1,443
1,51457
1,443
1,51457
1,443
1,51457
1,443
1,51457
1,443
1,51457
1,51457
1,443
1,51457
1,443
1,51457
1,443
1,443
1,51457
1,51457
1,443
1,443
1,51457
1,443
1,51457
1,443
1,51457
1,51457
1,443
1,443
1,51457
1,443
1,51457
1,443
1,51457
1,443
1,51457
1,443
1,51457
1,443
1,51457
1,443
1,51457
1,443
1,51457
1,443
1,51457
1,443
1,51457
1,443
1,51457
1,443
1,51457
1,443
1,51457
1,443
1,51457
1,443
1,51457
1,443
1,51457
1,443
1,51457
1,443
1,51457
1,51457
1,443
1,443
1,51456
1,443
1,51458
1,443
1,51460
1,443
1,443
1,51473
1,51459
1,443
1,51461
1,443
1,51463
1,443
1,51464
1,443
1,51465
1,443
1,51466
1,443
1,51467
1,443
1,51468
1,443
1,51469
1,443
1,51473
1,443
1,443
1,443
1,443
1,51474
1,51475
1,51476
1,51474
1,443
1,443
1,51462
1,443
1,51470
1,51470
1,443
1,443
1,443
1,443
1,443
1,51474
1,443
1,443
1,51473
1,443
1,443
1,51473
1,443
1,51471
1,51474
1,443
1,51473
1,443
1,51471
1,443
1,443
1,51472
1,51472
1,443
1,80
1,443
1,443
1,80
1,51455
1,51473
1,443
1,51455
1,80
1,51474
1,443
2,52477
1,443
1,443
1,51457
1,51457
1,443
2,53
1,443
1,51473
1,443
1,443
1,51473
2,53
1,443
1,443
1,443
1,443
1,51458
1,443
1,443
1,51461
1,443
1,51457
1,443
1,443
1,51457
1,443
1,443
1,51457
1,443
1,443
1,443
1,51459
1,443
1,443
1,443
1,51460
1,443
1,51457
1,443
1,443
1,51457
1,443
1,443
1,51457
1,443
1,443
1,51477
1,443
1,51474
1,443
1,443
1,443
1,443
1,443
1,443
1,443
1,51469
1,51463
1,443
1,443
1,443
1,51464
1,443
1,443
1,51464
1,443
1,443
1,51468
1,443
1,51469
1,443
1,443
1,443
1,51465
1,443
1,443
1,443
1,51465
1,443
1,443
1,51466
1,51469
1,443
1,51469
1,51469
1,443
1,443
1,51469
1,443
1,51469
1,443
1,443
1,51456
1,51464
1,443
1,443
1,51457
1,51464
1,443
1,51464
1,51464
1,443
1,51464
1,443
1,51464
1,443
1,51464
1,443
1,51464
1,443
1,51464
1,443
1,443
1,51464
1,51464
1,443
1,51464
1,443
1,443
1,51464
1,443
1,51464
1,51464
1,443
1,443
1,51464
1,51464
1,443
1,51464
1,51464
1,443
1,443
1,443
1,51464
1,443
1,51464
1,443
1,51464
1,443
1,51464
1,51464
1,443
1,443
1,51464
1,443
1,51464
1,443
1,51464
1,443
1,51464
1,443
1,51464
1,51464
1,443
1,443
1,51464
1,51464
1,443
1,443
1,51464
1,51464
1,443
1,51464
1,443
1,443
1,51464
1,51464
1,443
1,443
1,51464
1,443
1,51464
1,443
1,51464
1,443
1,51464
1,443
1,443
1,443
1,443
1,51470
1,443
1,443
1,51470
1,51465
1,443
1,51470
1,443
1,443
1,443
1,443
1,51471
1,443
1,443
1,51471
1,51471
1,443
1,443
1,443
1,443
1,51472
1,443
1,443
1,51472
1,51472
1,443
1,443
1,51468
1,443
1,443
1,51457
1,443
1,443
1,51457
1,443
1,443
1,51457
1,443
1,443
1,51457
1,443
1,443
1,51457
1,443
1,443
1,443
1,51457
1,443
1,443
1,51457
2,53
1,51478
1,443
1,443
1,51469
1,443
1,443
1,443
1,443
1,51469
1,443
1,443
1,51469
1,443
1,443
1,443
1,51457
1,443
1,443
1,51470
1,443
1,51469
1,443
1,443
1,51469
1,443
1,443
1,443
1,51457
1,443
1,443
1,443
1,51457
1,443
1,443
1,80
1,51469
1,51478
1,51478
1,80
1,443
1,443
1,443
1,443
1,51467
1,51467
1,443
1,443
1,443
1,51457
1,443
1,443
1,51457
1,443
1,443
1,443
1,51457
1,443
1,51471
1,443
1,443
1,443
1,51472
1,80
1,443
1,443
1,51468
1,51468
1,443
1,443
1,51465
1,51464
1,443
1,443
1,51457
2,62119
1,80
1,51478
1,443
1,443
1,51457
1,443
1,443
1,51457
1,443
2,51088
2,54411
2,62476
1,443
1,443
1,443
1,443
1,51469
1,443
1,443
1,51469
1,443
1,51457
1,443
1,443
1,443
1,443
1,51469
1,51464
1,51464
1,443
1,443
1,443
1,443
1,443
1,51464
1,443
1,443
1,51469
1,443
1,443
1,51464
1,443
1,443
1,443
1,443
1,51469
1,443
1,443
1,443
1,443
1,443
1,51464
1,51475
1,443
2,53
1,51479
1,51480
1,51481
1,51482
1,51483
1,51484
1,443
1,51467
1,443
1,443
1,51457
1,443
1,443
1,51475
1,443
1,443
1,51475
1,51475
1,443
1,443
1,443
1,443
1,443
1,443
1,443
1,443
1,443
1,443
1,443
1,443
1,443
1,443
1,443
1,443
1,443
1,443
1,443
1,443
1,443
1,443
1,443
1,443
1,443
1,443
1,443
1,443
1,443
1,443
1,443
1,443
1,443
1,443
1,443
1,443
1,443
1,443
1,51457
1,51457
1,51457
1,443
1,443
1,51457
1,443
1,443
1,51457
1,443
1,443
1,51457
1,443
1,443
1,51457
1,443
1,443
1,51457
1,443
1,443
1,51475
1,443
1,443
1,51457
1,443
2,53
1,51485
1,443
1,51475
1,443
1,443
1,443
1,51475
1,51480
1,51480
1,443
1,443
1,443
1,443
1,443
1,51457
1,51485
1,51479
1,51485
1,443
1,51479
1,443
1,443
1,443
1,443
1,443
1,443
1,51481
1,51469
1,51482
1,51484
1,443
1,443
1,51469
1,51481
1,443
1,51482
1,51484
1,443
1,443
1,443
1,443
1,51469
1,443
1,443
1,51469
1,443
1,443
1,443
1,51464
1,443
1,443
1,51457
1,443
1,443
1,51457
1,443
1,443
1,51457
1,443
1,443
1,51483
1,51483
1,443
1,443
1,443
1,51457
1,443
1,443
1,443
1,51485
1,443
1,51485
1,443
1,443
1,443
1,51457
1,443
1,443
1,443
1,443
1,51469
1,443
2,53
1,443
1,443
1,51457
1,51469
1,443
1,51486
1,443
1,51457
1,443
1,443
1,443
1,51457
1,443
1,443
1,443
1,51457
1,443
1,51485
1,443
1,443
1,51457
1,443
1,443
1,51457
1,443
1,443
1,443
1,443
1,443
1,51480
1,51480
1,443
1,443
1,51457
1,443
1,51480
1,443
1,51480
1,51480
1,443
1,443
1,51480
1,51480
1,443
1,51480
1,443
1,51480
1,443
1,443
1,51480
1,443
1,443
1,443
1,443
1,443
1,51479
1,51479
1,443
1,443
1,443
1,51482
1,443
1,443
1,443
1,51482
1,51482
1,443
1,443
1,443
1,51484
1,443
1,443
1,443
1,51481
1,443
1,443
1,51481
1,51484
1,443
1,51481
1,443
1,443
1,443
1,51457
1,443
1,443
1,51485
1,443
1,443
1,51485
1,443
1,443
1,51485
1,443
1,443
1,443
1,51457
1,443
1,443
1,51457
1,51457
1,443
1,443
1,443
1,51457
1,443
1,443
1,51457
1,443
1,51486
1,51486
1,443
1,443
1,443
1,51457
1,443
1,443
1,51483
1,443
1,443
1,51483
1,51483
1,443
1,443
1,443
1,51468
1,443
1,443
1,443
1,443
1,51469
1,443
1,443
1,51469
1,443
1,443
1,443
1,51469
1,443
1,443
1,51469
1,443
1,51480
1,443
1,443
1,443
1,51469
1,443
1,443
1,443
1,51469
1,443
1,443
1,443
1,51464
1,51464
1,51464
1,443
1,51464
1,443
1,443
1,51469
1,443
1,443
1,443
1,443
1,51482
1,443
1,443
1,51469
1,443
1,51466
1,443
1,443
1,51469
1,443
1,443
1,51469
1,443
1,443
1,51469
1,443
1,443
1,51469
1,443
1,51479
1,443
1,443
1,443
1,51486
1,443
1,443
1,51481
1,51484
1,443
1,51486
1,443
1,51486
1,443
1,51486
1,443
1,443
1,443
1,51464
2,51088
2,51088
1,443
1,443
1,443
1,443
1,51480
1,443
1,443
1,51480
1,443
1,443
1,51480
1,443
1,443
1,51480
1,443
1,443
1,443
1,443
1,443
1,443
1,51457
1,443
1,443
1,443
1,443
1,443
1,443
1,443
1,443
1,443
1,443
1,443
1,443
1,443
1,443
1,443
1,443
1,443
1,443
1,443
1,443
1,443
1,443
1,443
1,443
1,443
1,443
1,443
1,443
1,443
1,443
1,443
1,51457
1,51457
2,53235
1,443
2,56769
1,443
1,51457
1,443
1,51464
1,443
1,51464
1,443
1,443
1,443
1,51483
1,443
1,51457
1,443
1,51480
1,443
1,51463
1,443
1,443
1,443
1,51466
1,443
1,51457
1,443
1,443
1,443
1,51457
1,443
1,51466
1,443
1,51486
1,443
1,443
1,443
1,443
1,443
1,443
1,51464
1,443
1,51457
1,443
1,443
1,51464
1,443
1,443
1,51457
1,443
1,443
1,443
1,443
1,443
1,51480
1,443
1,443
1,51480
1,443
1,443
1,51480
1,443
1,51457
1,443
1,443
1,51457
1,443
1,443
1,51457
2,53
1,51487
1,443
1,443
1,51457
2,53
2,53
1,443
1,443
1,51457
1,443
1,443
1,51457
1,443
1,443
1,443
1,443
1,443
1,443
1,443
1,51469
1,443
1,443
1,443
1,443
1,443
1,443
1,443
1,443
1,443
1,443
1,443
1,443
1,443
1,443
1,443
1,443
1,443
1,443
1,443
1,443
1,443
1,443
1,443
1,443
1,443
1,443
1,443
1,443
1,443
1,443
1,443
1,443
1,443
1,443
1,443
1,443
1,443
1,443
1,443
1,443
1,443
1,443
1,443
1,443
1,443
1,443
1,51469
1,51469
1,51464
1,443
1,443
1,443
1,51457
1,51469
1,51469
1,443
1,443
1,443
1,443
1,51469
1,443
1,443
1,443
1,51487
1,51469
1,51469
1,51487
1,443
2,53
1,51464
1,443
1,51464
1,51464
1,443
1,51464
1,443
1,443
1,51464
1,51464
1,443
1,51464
1,443
1,51464
1,443
1,443
1,51464
1,51464
1,443
1,51464
1,443
1,51464
1,443
1,51464
1,443
1,51464
1,443
1,51464
1,443
1,51464
1,443
1,51464
1,443
1,51464
1,443
1,51464
1,443
1,443
1,51464
1,443
1,51464
1,443
1,51464
1,443
1,51464
1,443
1,51464
1,443
1,51464
1,443
1,51464
1,443
1,51464
1,443
1,51464
1,443
1,51464
1,443
1,51464
1,443
1,51464
1,443
1,51464
1,443
1,51464
1,443
1,443
1,443
1,51464
1,51464
1,443
1,51464
1,443
1,51464
1,51464
1,443
1,51464
1,443
1,51464
1,443
1,443
1,51464
1,443
1,51464
1,443
1,51464
1,443
1,51464
1,443
1,51464
1,443
1,443
1,443
1,51464
1,443
1,443
1,51487
1,443
1,443
1,443
1,51486
1,443
1,443
1,443
1,51457
1,443
1,443
1,51457
1,443
1,443
1,51457
1,443
1,51487
1,443
1,443
1,51457
1,51487
1,443
1,51487
1,443
1,443
1,443
1,51457
1,443
1,51486
2,53
1,51464
1,443
1,51464
1,443
1,51464
1,51464
1,443
1,51464
1,443
1,51464
1,443
1,443
1,443
1,443
1,51457
1,443
1,443
1,51457
1,443
1,443
1,443
1,443
1,51469
1,443
1,443
1,51457
1,51464
1,443
1,51464
1,443
1,443
1,443
1,443
1,51457
1,443
1,443
1,443
1,51464
1,443
1,443
1,51457
1,443
1,443
1,51457
1,443
1,51487
1,443
1,443
1,51457
1,443
1,443
1,51469
1,443
1,443
1,51464
1,51457
1,443
1,443
1,443
1,51457
1,443
1,443
1,443
1,51457
1,443
1,443
1,51464
1,443
1,443
1,443
1,51457
1,443
1,443
1,443
1,51464
1,443
1,51457
1,443
1,443
1,51457
1,443
2,53931
1,443
1,443
1,51457
1,443
1,51489
1,443
1,443
1,51457
1,443
1,51464
1,443
1,443
1,51457
1,443
1,443
1,51457
1,443
1,443
1,51489
1,51489
1,443
1,443
1,443
1,51457
1,443
1,443
1,51457
1,51490
1,51491
1,443
1,443
1,51457
1,443
1,443
1,51464
1,443
1,443
1,443
1,51489
1,443
1,51489
1,443
1,443
1,443
1,51457
1,443
1,443
1,443
1,51469
1,443
1,443
1,443
1,443
1,443
1,443
1,443
1,443
1,443
1,443
1,443
1,443
1,443
1,443
1,443
1,443
1,443
1,443
1,443
1,443
1,443
1,443
1,443
1,443
1,443
1,443
1,443
1,443
1,443
1,443
1,443
1,443
1,443
1,443
1,443
1,443
1,443
1,443
1,443
1,51469
1,51469
1,51469
1,51492
1,443
1,443
1,51490
1,443
1,443
1,51457
1,51490
1,443
1,443
1,51469
1,443
1,443
1,51457
1,443
1,443
1,51491
1,51491
1,443
1,443
1,443
1,51457
1,443
1,443
1,443
1,51492
1,51492
1,51489
1,443
1,443
1,443
1,51457
1,443
1,443
1,51457
1,443
1,51464
1,443
1,443
1,443
1,51457
1,443
1,51469
1,443
1,443
1,51469
1,443
1,443
1,51490
1,443
1,443
1,51490
1,443
1,51490
1,443
1,443
1,443
1,443
1,51457
1,51464
1,443
1,443
1,443
1,51491
1,443
1,443
1,51491
1,51491
1,443
1,443
1,443
1,51457
1,443
1,443
1,51469
1,51489
1,443
1,443
1,51489
1,443
1,443
1,51492
1,443
1,443
1,51492
1,443
1,51492
1,443
2,53
1,443
1,51469
1,51464
1,443
1,443
1,443
1,51457
1,443
1,443
1,51490
1,443
1,443
1,443
1,51469
1,443
1,443
1,51469
1,443
1,51491
1,443
1,443
1,51491
1,443
1,443
1,443
1,443
1,51469
1,51492
1,443
1,443
1,443
1,443
1,51469
1,51490
1,51490
1,443
1,443
1,443
1,51469
1,443
1,51464
1,443
1,443
1,51492
1,51492
1,51492
1,443
1,443
1,443
1,51469
1,443
1,443
1,51469
1,443
1,443
1,51491
1,443
1,443
1,51491
1,443
1,51469
1,443
1,443
1,51469
1,443
1,443
1,51469
1,443
1,443
1,51469
1,443
1,443
1,443
1,443
1,443
1,443
1,443
1,443
1,443
1,443
1,443
1,443
1,443
1,443
1,443
1,443
1,443
1,443
1,443
1,443
1,443
1,443
1,443
1,443
1,443
1,443
1,443
1,443
1,51457
1,443
1,51457
1,443
1,443
1,51469
1,443
1,443
1,443
1,51457
1,443
1,443
1,51469
1,443
1,443
1,51469
1,443
1,443
1,51457
1,443
1,443
1,51457
1,443
1,443
1,443
1,443
1,443
1,51469
1,51457
1,443
1,443
1,51469
1,443
1,443
1,51457
1,443
1,443
1,51469
1,443
1,443
1,51457
1,443
1,443
1,51469
1,443
1,443
1,443
1,51469
1,443
1,51457
1,443
1,443
1,443
1,443
1,443
1,443
1,443
1,443
1,443
1,443
1,443
1,443
1,443
1,443
1,443
1,51464
1,51464
1,443
1,443
1,443
1,443
1,443
1,51469
1,51457
1,443
1,443
1,443
1,51469
1,443
1,443
1,51469
1,443
1,51453
1,443
1,443
1,51464
1,443
1,51469
1,443
1,443
1,51469
1,443
1,51457
1,443
1,443
1,51464
1,443
1,443
1,443
1,51463
1,51463
1,443
1,443
1,51464
1,443
1,443
1,51464
1,443
1,443
1,51464
1,443
1,443
1,443
1,443
1,443
1,443
1,51457
1,443
1,443
1,443
1,443
1,443
1,443
1,443
1,443
1,443
1,443
1,443
1,443
1,443
1,443
1,443
1,443
1,443
1,443
1,443
1,443
1,51457
1,51457
1,443
1,443
1,51457
1,443
1,51464
1,443
1,443
1,51457
1,443
1,443
1,443
1,443
1,443
1,443
1,443
1,443
1,443
1,443
1,443
1,443
1,443
1,443
1,443
1,443
1,443
1,443
1,443
1,443
1,443
1,443
1,443
1,443
1,443
1,443
1,443
1,443
1,443
1,443
1,443
1,443
1,443
1,443
1,443
1,443
1,51469
1,51469
1,51469
1,443
1,51457
1,443
1,443
1,443
1,443
1,51469
1,51464
1,443
1,443
1,51457
1,443
1,443
1,443
1,51469
1,443
1,51457
1,443
1,443
1,51464
1,443
1,443
1,443
1,51457
1,443
1,51463
1,443
1,443
1,443
1,443
1,51469
1,443
1,443
1,443
1,51464
1,443
1,51469
1,443
1,51457
1,443
1,443
1,443
1,51469
1,443
1,443
1,443
1,51469
1,51457
1,443
1,443
1,51464
1,443
1,443
1,443
1,51457
1,443
1,51469
1,443
1,443
1,443
1,51457
1,443
1,51462
1,443
1,51469
1,443
1,443
1,443
1,443
1,51457
1,443
1,51464
1,443
1,51469
1,443
1,443
1,51457
1,443
1,443
1,51469
1,443
1,443
1,443
1,51457
1,443
1,51469
1,443
1,443
1,51464
1,443
1,443
1,443
1,51457
1,443
1,443
1,51469
1,443
1,443
1,443
1,51469
1,443
1,51457
1,443
1,443
1,51464
1,443
1,443
1,443
1,443
1,443
1,443
1,443
1,443
1,51457
1,51469
1,443
1,443
1,51464
1,443
1,443
1,443
1,51469
1,443
1,51457
1,443
1,443
1,443
1,51469
1,443
1,443
1,443
1,51457
1,443
1,443
1,51457
1,443
1,51469
1,443
1,443
1,51469
1,443
1,51464
1,443
1,443
1,51469
1,443
1,443
1,51469
1,443
1,443
1,51469
1,443
1,443
1,51469
1,443
1,443
1,51457
1,443
1,443
1,51457
1,443
1,443
1,51457
1,443
1,443
1,443
1,51469
1,443
1,51457
1,51486
1,443
1,51462
1,51462
1,443
1,51453
1,51453
1,443
2,58681
1,51474
1,443
2,61745
2,51480
1,51464
1,443
1,51464
1,443
1,443
1,443
1,51474
1,51474
1,443
1,51457
1,443
1,51469
1,443
1,51493
1,51469
1,51469
1,443
1,51469
1,443
1,51469
1,443
1,443
1,51469
1,443
1,51469
1,443
1,443
1,443
1,443
1,51486
1,443
1,443
1,443
1,443
1,443
1,443
1,443
1,443
1,443
1,443
1,443
1,443
1,443
1,443
1,443
1,443
1,443
1,443
1,443
1,51457
1,51457
1,443
1,51480
1,443
1,443
1,443
1,51457
1,443
1,443
1,51464
1,443
1,443
1,443
1,443
1,443
1,443
1,443
1,443
1,443
1,443
1,443
1,443
1,443
1,443
1,443
1,51457
1,51464
1,51464
1,443
2,55293
1,443
2,53
1,51494
1,443
1,51474
1,443
1,51457
1,443
1,443
2,53
1,443
1,51464
1,51495
1,443
1,51493
1,51493
1,443
1,443
1,51494
1,443
1,51457
1,51494
1,443
1,443
1,443
1,51466
1,443
1,51457
1,443
1,51495
1,443
1,51495
1,443
1,443
1,443
1,443
1,51480
1,443
1,443
1,51494
1,443
1,443
1,51494
1,443
1,51494
1,443
1,51494
1,443
1,443
1,51457
1,443
1,51464
1,443
1,51464
1,51464
1,443
1,443
1,443
1,443
1,51495
1,443
1,443
1,51495
1,51495
1,443
1,51464
1,443
1,51464
1,443
1,443
1,51464
1,443
1,51464
1,443
1,443
1,443
1,443
1,51469
1,443
1,51457
1,443
1,51494
1,51496
1,443
1,51480
1,443
1,51495
1,443
1,443
1,443
1,51493
1,443
1,443
1,51493
1,51493
1,443
1,51493
1,443
1,51493
1,443
2,53
1,51497
1,443
1,51496
1,51496
1,443
1,51469
1,443
1,443
1,443
1,51496
1,443
1,443
1,51496
1,51496
1,443
1,51498
1,443
1,443
1,443
1,443
1,443
1,443
1,443
1,443
1,443
1,443
1,443
1,443
1,443
1,443
1,443
1,443
1,51457
1,443
1,51457
1,443
1,51495
1,443
1,443
1,443
1,51495
1,443
1,443
1,51495
1,443
1,443
1,443
1,51495
1,51493
1,443
1,51499
1,443
1,443
1,51497
1,51497
1,443
1,443
1,51496
1,51457
1,443
1,443
1,443
1,443
1,443
1,51499
1,51499
1,443
1,51464
1,443
1,51464
1,443
1,51464
1,443
1,443
1,51457
1,443
1,51480
1,51464
1,443
1,51464
1,443
1,51464
1,443
1,51464
1,443
1,443
1,51496
1,443
1,443
1,51496
1,51500
1,443
1,443
1,443
1,51464
2,52173
1,443
1,443
1,443
1,51499
1,443
1,443
1,51499
1,443
1,51457
1,51499
1,443
1,443
1,51500
1,51500
1,443
1,443
1,51498
1,443
1,443
1,51493
1,443
1,443
1,51457
1,51457
1,443
1,443
1,443
1,443
1,51464
1,51464
1,443
1,443
1,443
1,51497
1,443
1,443
1,443
1,51497
1,443
1,443
1,443
1,51500
1,443
1,443
1,51500
1,51497
1,443
1,51500
1,443
1,51499
1,443
1,443
1,443
1,443
1,443
1,51464
1,443
1,443
1,51457
1,443
1,51500
1,443
1,443
1,51499
1,443
1,443
1,51499
1,51501
1,443
1,51464
1,443
2,53
1,51502
1,51503
1,51504
1,51505
1,443
1,443
1,51500
1,51501
1,51500
1,51500
1,443
1,51501
1,443
1,51506
1,443
1,443
1,51464
2,55293
2,55293
1,443
1,443
1,443
1,443
1,443
1,443
1,443
1,443
1,443
1,443
1,443
1,443
1,443
1,443
1,443
1,443
1,443
1,443
1,443
1,443
1,443
1,443
1,443
1,443
1,443
1,443
1,443
1,443
1,443
1,51469
1,443
1,51469
1,443
1,443
1,51506
1,443
1,443
1,443
1,443
1,51501
1,51497
1,443
1,51501
1,443
1,51506
1,443
1,443
1,443
1,443
1,51469
1,51507
1,443
1,443
1,51464
1,443
1,443
1,51469
1,443
1,51506
1,443
1,443
1,51506
1,443
1,51506
1,443
1,51501
1,443
1,443
1,443
1,443
1,51505
1,51505
1,443
1,443
1,51502
1,443
1,443
1,443
1,443
1,443
1,443
1,443
1,443
1,443
1,443
1,51457
1,51457
1,51502
1,443
1,443
1,443
1,443
1,51501
1,51506
1,443
1,51501
1,443
1,51508
1,443
1,51464
1,443
1,443
1,443
1,51457
1,443
1,51504
1,443
1,51503
1,51504
1,51503
1,443
1,443
1,443
1,51506
1,443
1,443
1,51506
1,443
1,51508
1,51508
1,443
1,51509
1,443
1,51464
1,443
2,53
1,51510
2,53
1,443
1,51457
1,443
1,51507
1,443
1,51509
1,443
1,51509
1,443
1,443
1,443
1,51508
1,443
1,443
1,51508
1,51508
1,443
1,443
1,443
1,443
1,51457
1,443
1,51505
1,443
1,443
1,443
1,51505
1,443
1,443
1,51509
1,443
1,443
1,51509
1,51505
1,443
1,51511
1,51508
1,443
1,51505
1,443
1,51505
1,443
1,51505
1,443
1,51505
1,51505
1,443
1,443
1,51509
1,443
1,443
1,443
1,443
1,51502
1,443
1,51502
1,443
1,443
1,51464
1,443
1,443
1,443
1,443
1,51508
1,51509
1,443
1,51508
1,443
1,51512
1,443
1,443
1,51457
1,443
1,443
1,443
1,443
1,51504
1,443
1,443
1,443
1,51509
1,51512
1,443
1,443
1,51503
1,443
1,443
1,51503
1,443
1,51504
1,443
1,443
1,443
1,51457
1,51503
1,443
1,51512
1,443
1,51509
1,443
1,51513
1,443
1,443
1,51510
1,51505
1,443
1,51510
1,443
1,443
1,443
1,51512
1,443
1,443
1,51512
1,51512
1,443
1,443
1,443
1,51513
1,51513
1,443
1,51485
1,51452
1,443
1,51479
1,443
1,51479
1,443
1,51482
1,51482
1,443
1,51484
1,51484
1,443
1,51481
1,51481
1,443
1,51483
1,51483
1,443
1,51459
1,51459
1,51461
1,443
1,51461
1,443
1,51456
1,51456
1,51458
1,443
1,51458
1,51460
1,443
1,51460
1,443
1,51465
1,51465
1,443
1,51467
1,51467
1,443
1,51468
1,51468
1,443
1,51466
1,51466
1,443
1,51463
1,51463
1,443
1,51495
1,443
1,51487
1,443
1,51470
1,51470
1,443
1,51471
1,51471
1,443
1,51472
1,51472
1,51502
1,443
1,51502
1,443
1,51504
1,51503
1,443
1,443
1,51474
1,51494
1,443
1,443
1,51478
1,51454
1,80
1,51477
1,443
1,443
1,51507
1,51498
1,51476
1,443
1,443
1,443
1,51451
1,80
1,51469
1,443
1,443
1,443
1,443
1,443
1,443
1,443
1,443
1,443
1,443
1,443
1,443
1,51504
1,51503
1,51457
1,51511
1,51457
1,51480
1,51486
1,443
1,443
1,51493
1,443
1,443
1,443
1,443
1,443
1,443
1,443
1,443
1,51464
1,443
1,51487
1,443
1,51485
1,443
1,51495
1,443
1,80
1,80
1,443
1,51494
1,51451
1,51478
1,51474
1,443
1,443
1,51476
1,51512
1,443
1,443
1,51452
1,443
1,51454
1,443
1,443
1,51513
1,443
1,443
1,51513
1,51513
1,443
1,443
1,51497
1,51497
1,443
1,443
1,443
1,51505
1,443
1,443
1,443
1,443
1,443
1,443
1,443
1,51505
1,443
1,51512
1,443
1,443
1,51512
1,51514
1,443
1,51513
1,443
2,60962
1,443
1,443
1,51507
1,51486
1,443
1,443
1,51498
1,51493
1,443
1,51480
1,443
1,51514
1,51514
1,443
1,443
1,51513
1,443
1,443
1,51513
2,50321
1,443
1,443
1,51457
1,443
1,443
1,51510
1,443
1,443
1,443
1,51457
1,443
1,51514
1,443
1,51514
1,443
1,443
1,443
1,51505
1,443
1,443
1,51505
1,443
1,443
1,51505
1,443
1,443
1,443
1,51505
1,443
1,443
1,443
1,51505
1,443
1,51477
1,443
1,443
1,51469
1,51510
1,443
1,443
1,443
1,443
1,51464
1,443
1,443
1,51514
1,443
1,443
1,51464
1,443
1,443
1,443
1,51505
1,443
1,443
1,51505
2,53
1,51515
1,443
1,443
1,51505
1,443
1,443
1,443
1,51505
1,443
1,443
1,443
1,51505
1,443
1,51464
1,443
1,51515
1,51515
1,443
1,443
1,443
1,51510
1,51510
1,443
1,443
1,443
1,443
1,443
1,443
1,443
1,443
1,443
1,443
1,443
1,443
1,443
1,443
1,443
1,51515
1,51457
1,51515
1,51457
1,443
1,51457
1,443
1,51457
1,443
1,51457
1,443
1,51457
1,443
1,51457
1,443
1,51457
1,443
1,51457
1,443
1,51457
1,443
1,51457
1,443
1,51457
1,443
1,51457
1,443
1,51457
1,443
1,51457
1,443
1,51457
1,443
1,443
1,443
1,51505
1,443
1,443
1,51505
2,53
1,51516
1,51510
1,443
1,443
1,443
1,51515
1,443
1,443
1,443
1,443
1,51505
1,443
1,443
1,51505
1,443
1,443
1,443
1,51505
1,443
1,443
1,51464
1,443
1,51457
1,443
1,51517
2,59644
1,443
1,51505
1,443
1,443
1,443
1,51464
1,443
1,443
1,51514
1,443
1,51457
1,443
1,51515
1,443
1,443
1,443
1,51505
1,443
1,443
1,51505
1,443
1,51516
1,51516
1,443
1,443
1,443
1,443
1,51505
1,443
1,443
1,443
1,51505
1,443
1,443
1,443
1,443
1,443
1,443
1,443
1,443
1,51505
1,443
1,443
1,51457
1,443
1,51517
1,443
1,443
1,51505
1,443
1,51457
1,443
1,443
1,443
1,443
1,51505
1,443
1,443
1,51505
1,443
1,443
1,443
1,51505
1,443
1,443
1,51505
1,443
1,443
1,443
1,51505
1,443
1,51457
1,443
1,443
1,51505
1,443
1,443
1,443
1,51505
1,443
1,443
1,443
1,443
1,443
1,51516
1,443
1,443
1,51505
1,443
1,443
1,51505
1,443
1,443
1,51505
1,443
1,443
1,51505
1,443
1,443
1,51505
1,443
1,51516
1,443
1,51505
1,443
1,51457
1,443
1,443
1,51457
1,443
1,443
1,443
1,443
1,51505
1,443
1,443
1,51505
1,443
1,443
1,443
1,443
1,443
1,443
1,51505
1,443
1,443
1,51457
1,443
1,51516
1,443
2,53
1,51518
1,51519
1,443
1,443
1,51457
1,51520
1,443
1,443
1,443
1,443
1,443
1,443
1,443
1,443
1,51464
1,51464
1,443
1,443
1,51457
1,443
1,443
1,443
1,443
1,443
1,443
1,443
1,443
1,443
1,443
1,443
1,443
1,443
1,443
1,443
1,443
1,443
1,443
1,443
1,443
1,443
1,443
1,443
1,443
1,443
1,443
1,443
1,443
1,443
1,443
1,443
1,443
1,443
1,443
1,443
1,443
1,443
1,443
1,443
1,443
1,443
1,443
1,443
1,443
1,51505
1,51505
1,443
1,443
1,443
1,443
1,443
1,443
1,443
1,51505
1,443
1,51505
1,51505
1,443
1,443
1,51505
1,51505
1,443
1,443
1,51457
1,443
1,443
1,443
1,51505
1,443
1,443
1,51505
1,443
1,443
1,51505
1,443
1,443
1,51505
1,443
1,443
1,51457
1,443
1,443
1,51505
1,443
1,443
1,443
1,51457
1,443
1,443
1,51457
1,443
1,51518
1,51518
1,443
1,443
1,51505
1,443
1,51519
1,51519
1,443
1,443
1,443
1,51457
1,443
1,51520
1,443
1,443
1,443
1,51457
1,443
1,51464
1,443
1,443
1,51505
1,443
1,443
1,51457
1,443
1,443
1,443
1,51505
1,443
1,443
1,443
1,443
1,443
1,443
1,443
1,443
1,443
1,443
1,443
1,443
1,443
1,443
1,443
1,443
1,443
1,443
1,443
1,443
1,443
1,51505
1,51505
1,443
1,443
1,443
1,51505
1,443
1,443
1,51505
1,443
1,443
1,51457
1,443
1,443
1,51505
1,443
1,443
1,51457
1,443
1,443
1,51505
1,443
1,443
1,51505
1,443
1,443
1,51505
1,443
1,443
1,443
1,51464
1,51520
1,443
1,443
1,443
1,51510
1,51521
1,443
1,51516
1,443
1,443
1,443
1,51519
1,443
1,443
1,443
1,51519
1,443
1,51457
1,443
1,443
1,443
1,443
1,51505
1,51519
1,443
1,51519
1,443
1,51519
1,443
1,51519
1,443
1,51519
1,443
1,51519
1,443
1,443
1,443
1,51464
1,443
1,443
1,51520
1,443
1,443
1,443
1,51520
1,443
1,443
1,443
1,443
1,443
1,443
1,443
1,443
1,443
1,443
1,443
1,443
1,443
1,443
1,443
1,443
1,443
1,443
1,443
1,443
1,51505
1,51520
1,443
1,51505
1,443
1,443
1,51505
1,443
1,443
1,443
1,443
1,443
1,443
1,443
1,443
1,443
1,443
1,51457
1,51457
1,443
1,443
1,51505
1,443
1,443
1,443
1,51518
1,443
1,51521
1,51521
1,443
1,443
1,443
1,51519
1,51519
1,443
1,443
1,443
1,443
1,443
1,443
1,51505
1,443
1,443
1,51505
1,443
1,443
1,51505
1,443
1,51457
1,443
1,51464
1,443
1,443
1,51457
1,443
1,443
1,443
1,51457
1,443
1,443
1,443
1,51457
1,443
1,51464
1,443
1,443
1,443
1,443
1,443
1,443
1,443
1,443
1,443
1,443
1,443
1,443
1,443
1,443
1,443
1,443
1,443
1,51518
1,51505
1,51518
1,443
1,443
1,443
1,443
1,51521
1,443
1,443
1,51521
1,51505
1,443
1,51520
1,443
1,443
1,443
1,51519
1,443
1,443
1,443
1,443
1,51519
1,51521
1,443
1,443
1,443
1,51519
1,443
1,443
1,51519
1,51519
1,443
1,443
1,51519
1,443
1,443
1,443
1,51519
1,51519
1,443
1,51519
1,443
1,443
1,51519
1,443
1,443
1,51457
1,51522
1,443
1,443
1,51505
1,443
1,443
1,51505
1,51515
1,443
1,443
1,443
1,51505
1,443
1,443
1,51464
1,443
1,443
1,51522
1,51522
1,443
1,443
1,51505
1,443
1,443
1,51457
2,54149
1,443
1,443
1,51457
1,443
1,443
1,443
1,51522
1,443
1,443
1,51522
1,51522
1,443
1,51523
1,443
1,51505
1,443
1,443
1,51457
1,443
1,443
1,51505
1,443
1,443
1,51505
1,443
1,443
1,51522
1,443
1,443
1,51515
1,443
1,51523
1,51523
1,443
1,443
1,51505
1,443
1,443
1,443
1,51457
1,443
1,443
1,51518
1,443
1,51505
1,443
1,443
1,443
1,51522
1,443
1,51522
1,51522
1,443
1,443
1,51505
1,443
1,443
1,443
1,51523
1,443
1,443
1,51523
1,51523
1,443
1,443
2,50169
2,60602
1,443
1,51523
1,443
1,443
1,51519
1,443
1,51521
2,53
1,51524
1,443
1,51457
1,443
1,443
1,51524
1,51524
1,443
2,52921
1,443
1,443
1,51524
1,443
1,443
1,51524
1,51524
1,443
1,51524
1,443
1,51524
1,443
1,443
1,51523
1,443
1,51524
1,443
1,443
1,443
1,51505
1,443
2,58763
1,443
1,443
1,443
1,443
1,443
1,443
1,443
1,443
1,443
1,443
1,51505
1,51505
2,53
1,443
1,51525
1,443
1,443
1,443
1,443
1,443
1,51457
1,443
1,443
1,51505
1,443
1,443
1,51524
2,53
1,51526
1,443
1,51505
1,443
1,51527
1,51528
2,53
1,51529
1,443
1,51505
1,443
1,51526
1,51526
1,443
1,443
1,51528
1,443
1,51529
1,51529
1,443
1,443
1,443
1,443
1,443
1,443
1,443
1,51457
1,443
1,443
1,51505
1,443
1,443
1,51505
1,443
1,443
1,51457
1,443
1,443
1,443
1,443
1,51526
1,51526
1,443
1,443
1,443
1,443
1,443
1,51529
1,443
1,51529
1,443
1,443
1,443
1,51457
1,443
1,443
1,51519
1,443
1,443
1,443
1,443
1,51519
1,443
1,51505
1,443
1,443
1,51526
1,443
1,443
1,443
1,443
1,443
1,51519
1,51529
1,443
2,53
1,51530
1,443
1,51526
1,51526
1,443
1,51531
1,443
1,51505
1,443
1,443
1,51505
1,443
1,443
2,60977
1,51532
1,443
1,51505
1,443
1,443
1,443
1,51531
1,51531
1,443
1,443
1,51530
1,51530
1,443
1,443
1,443
1,51457
1,443
1,51532
1,443
1,51529
1,443
1,51505
1,443
1,443
1,51505
1,443
1,443
1,443
1,51531
1,443
1,51531
1,443
1,443
1,443
1,51530
1,443
1,443
1,51530
1,51530
1,443
1,443
1,443
1,51457
1,443
1,51531
1,443
1,443
1,443
1,51505
1,443
1,443
1,51505
1,443
1,443
1,443
1,443
1,51505
1,443
1,51530
1,443
1,443
1,51531
1,51531
1,443
1,51533
2,53
1,51534
1,443
1,51457
1,443
1,443
1,51505
1,443
1,51530
1,443
1,443
1,51530
2,64652
1,443
1,443
1,51533
1,51533
1,443
1,443
1,51457
1,443
1,443
1,443
1,51534
1,51534
1,443
1,443
1,51457
1,443
1,51505
1,443
1,443
1,51533
1,443
1,443
1,51533
1,443
1,443
1,443
1,443
1,443
1,443
1,443
1,443
1,51464
1,51505
1,443
1,443
1,51505
1,443
1,443
1,443
1,51457
1,443
1,443
1,51505
1,51533
1,443
1,443
1,443
1,443
1,51534
1,443
1,443
1,51534
1,443
1,443
1,51505
1,51534
1,443
1,443
1,51533
1,443
2,53
1,51535
1,443
1,51534
1,443
1,443
1,443
1,443
1,443
1,443
1,51505
1,443
1,443
1,443
1,51505
1,443
1,51535
1,51535
1,443
1,443
1,443
1,443
1,51533
1,51533
1,51533
1,443
1,443
1,51505
1,443
1,443
1,51505
2,55922
1,443
1,443
1,51535
1,443
1,443
1,51535
1,51535
1,443
1,443
1,51534
1,443
1,443
1,51534
1,443
1,443
1,51535
1,443
1,443
1,443
1,443
1,443
1,443
1,443
1,443
1,443
1,443
1,443
1,51457
1,51457
1,443
1,443
1,51505
1,443
1,443
1,51505
1,443
1,443
1,51505
1,443
1,443
1,443
1,51505
1,443
1,443
1,51505
1,443
1,51464
1,443
1,443
1,51505
1,51536
1,443
1,51535
1,443
1,51536
1,51536
1,443
1,443
1,51464
2,53
1,51537
1,51538
1,443
1,443
1,51505
1,443
1,443
1,51505
1,443
1,443
1,51505
1,443
1,443
1,51536
1,443
1,443
1,51536
1,51536
1,443
1,443
1,51538
1,51538
1,443
1,443
1,51537
1,51537
1,443
1,443
1,443
1,51505
1,443
1,443
1,51505
1,443
1,51536
1,443
1,443
1,443
1,443
1,51538
1,443
1,51538
1,443
1,443
1,443
1,51537
1,443
1,443
1,51537
1,51537
1,443
1,443
1,443
1,443
1,443
1,51536
1,443
1,51538
1,443
1,51536
1,443
1,443
1,51537
1,443
1,51510
1,443
1,443
1,51505
1,443
1,443
1,51505
1,443
1,51464
1,443
2,52295
1,443
1,443
1,443
1,443
1,443
1,443
1,443
1,443
1,51457
1,51514
1,443
1,443
1,443
1,51538
1,443
1,51537
1,443
1,443
1,51464
1,443
1,443
1,443
1,443
1,443
1,443
1,443
1,51505
1,443
1,443
1,51514
1,51457
1,443
1,443
1,443
1,51510
1,443
1,443
1,443
1,443
1,443
1,443
1,443
1,443
1,443
1,443
1,51505
1,51505
1,443
1,51457
1,443
1,443
1,443
1,51505
1,443
1,51464
1,443
1,443
1,51505
1,443
1,443
1,443
1,443
1,51457
2,53
1,51539
1,443
1,443
1,51505
1,443
1,443
1,51505
1,443
1,443
1,51464
1,443
1,443
1,443
1,51505
1,443
1,51540
1,443
1,51457
1,443
1,443
1,51539
1,51539
1,443
1,443
1,443
1,51457
1,443
1,51505
1,443
1,443
1,51505
1,443
1,443
1,51505
1,443
1,51464
1,443
1,443
1,443
1,51505
1,443
1,443
1,51505
1,443
1,443
1,443
1,51540
1,51457
1,443
1,443
1,51464
1,443
1,443
1,51505
1,443
1,443
1,443
1,443
1,51539
1,443
1,443
1,51457
1,443
1,443
1,51505
1,51539
1,443
1,51539
1,443
1,51539
1,443
1,443
1,51525
1,443
1,443
1,51505
1,443
1,443
1,51457
1,51527
1,443
1,51464
1,443
1,51539
1,443
1,443
1,443
1,443
1,51457
1,443
1,443
1,443
1,443
1,443
1,443
1,443
1,443
1,443
1,443
1,443
1,443
1,51505
1,51505
1,443
1,51464
1,443
1,443
1,51505
1,51541
1,443
1,443
1,51539
1,443
1,443
1,51539
1,443
1,443
1,51539
1,443
1,443
1,443
1,51457
1,443
1,51539
1,443
1,443
1,51539
1,443
1,443
1,443
1,443
1,443
1,51505
1,443
1,443
1,51457
1,443
1,443
1,51505
1,443
1,443
1,51541
1,51541
1,443
1,443
1,51539
1,443
1,443
1,51505
1,443
1,443
1,443
1,51541
1,443
1,51541
1,443
1,443
1,51457
1,443
1,443
1,443
1,51539
1,443
1,443
1,51539
1,443
1,443
1,443
1,443
1,443
1,51464
1,443
1,443
1,51539
1,443
1,443
1,443
1,443
1,443
1,51539
1,443
1,51541
1,443
1,443
1,443
1,443
1,51505
1,443
1,443
1,443
1,51505
1,443
1,51541
1,443
1,443
1,51541
1,443
1,443
1,51505
1,443
1,443
1,443
1,51539
1,443
1,443
1,51539
1,443
1,443
1,51539
1,443
1,443
1,443
1,443
1,443
1,443
1,51539
1,443
1,443
1,443
1,51505
1,443
1,443
1,443
1,51510
1,443
1,51505
1,443
1,443
1,443
1,51505
1,443
1,51464
1,443
1,443
1,51539
1,443
1,443
1,51539
1,443
1,443
1,443
1,443
1,443
1,443
1,443
1,51457
1,443
1,443
1,51505
1,443
1,443
1,51505
1,443
1,443
1,51505
1,443
1,443
1,51505
1,443
1,443
1,443
1,443
1,443
1,51539
1,443
1,443
1,443
1,443
1,443
1,443
1,443
1,443
1,443
1,443
1,443
1,443
1,443
1,443
1,443
1,443
1,443
1,443
1,51539
1,51539
1,443
1,443
1,51457
1,443
1,443
1,51505
1,443
1,443
1,443
1,51505
1,443
1,443
1,51505
1,443
1,443
1,51505
1,443
1,51539
1,443
1,51457
1,443
1,443
1,51539
1,443
1,443
1,51539
1,443
1,443
1,51539
1,443
1,443
1,443
1,443
1,51505
1,443
1,51539
1,443
1,443
1,443
1,51505
1,443
1,443
1,51457
1,443
1,443
1,51505
1,443
1,443
1,51505
1,443
1,443
1,51539
1,443
1,51457
1,443
1,443
1,51539
1,443
1,443
1,51539
1,443
1,443
1,51539
1,443
1,443
1,443
1,51539
1,443
1,443
1,51505
1,443
1,443
1,51539
1,443
1,443
1,443
1,51505
1,443
1,443
1,51505
1,443
1,51539
1,443
1,443
1,443
1,443
1,443
1,51464
1,443
1,443
1,51505
1,443
1,443
1,51457
1,443
1,443
1,51539
1,443
1,443
1,51539
1,443
1,443
1,51539
1,443
1,443
1,51539
1,443
1,443
1,51539
1,443
1,443
1,443
1,51457
1,443
1,443
1,51505
1,443
1,51539
1,443
1,443
1,443
1,51539
1,443
1,443
1,51505
1,443
1,443
1,51505
1,443
1,443
1,51539
1,443
1,443
1,51505
1,443
1,443
1,51539
1,443
1,443
1,51539
1,443
1,443
1,51539
1,443
1,443
1,443
1,51539
1,443
1,443
1,51539
1,443
1,51505
1,443
1,443
1,443
1,51505
1,443
1,443
1,443
1,51539
1,443
1,443
1,51505
1,443
1,443
1,51539
1,443
1,443
1,51505
1,443
1,443
1,51539
1,443
1,51505
1,443
1,443
1,443
1,51539
1,443
1,443
1,443
1,51539
1,443
1,443
1,443
1,51505
1,443
1,443
1,51505
1,443
1,443
1,51505
1,443
1,443
1,443
1,51505
1,443
1,443
1,51505
1,443
1,51539
1,443
1,443
1,51505
1,443
1,443
1,51505
1,443
1,443
1,51505
1,443
1,443
1,51505
1,443
1,443
1,443
1,443
1,443
1,443
1,443
1,443
1,443
1,443
1,443
1,51539
1,443
1,443
1,51539
1,443
1,443
1,51539
1,443
1,443
1,51539
1,51539
1,51529
1,443
1,51538
1,51537
1,443
1,443
1,51520
1,51520
1,443
1,51518
1,443
1,51518
1,443
1,51521
1,51521
1,443
1,51510
1,51515
1,443
1,443
1,51523
1,51514
1,443
1,443
1,51535
1,51516
1,443
1,51532
1,443
1,443
1,51540
1,443
1,51528
1,443
1,51511
1,51517
1,443
1,443
1,51457
1,443
1,51519
1,443
1,51524
1,443
1,443
1,51505
1,443
1,443
1,443
1,51505
1,443
1,443
1,51505
1,443
1,51524
1,443
1,443
1,51505
1,443
1,443
1,443
1,51514
1,51528
1,51515
1,443
1,443
1,443
1,443
1,443
1,443
1,443
1,51529
1,51538
1,51537
1,51523
1,51535
1,51505
1,443
1,443
1,443
1,51532
1,51505
1,51542
1,51543
1,443
1,443
1,443
1,443
1,443
1,51539
1,443
1,443
1,51539
1,443
1,443
1,51539
1,51539
1,443
1,443
1,443
1,51539
1,443
1,443
1,51540
1,51505
1,443
1,443
1,51516
1,51517
1,443
1,51543
1,51543
1,443
1,443
1,51542
1,51542
1,443
1,443
1,443
1,51457
1,443
1,443
1,51505
1,443
1,443
1,51505
1,443
1,443
1,443
1,51505
1,443
1,443
1,51505
1,443
1,443
1,51543
1,443
1,51543
1,443
1,443
1,443
1,443
1,51542
1,51542
1,443
1,443
1,51510
1,443
1,51511
1,443
1,51519
1,443
1,51505
1,443
1,443
1,51505
1,443
1,443
1,443
1,443
1,443
1,443
1,443
1,443
1,443
1,443
1,443
1,443
1,443
1,443
1,443
1,443
1,443
1,443
1,51539
1,443
1,51539
1,51542
1,443
1,443
1,443
1,443
1,51505
1,443
1,443
1,443
1,51505
1,443
1,443
1,443
1,51543
1,443
1,51505
1,51543
1,51543
1,443
1,443
1,443
1,51505
1,443
1,443
1,51505
1,443
1,443
1,51505
1,443
1,443
1,51542
1,51542
1,51542
1,443
1,443
1,443
1,443
1,51505
1,443
1,443
1,51539
1,443
1,443
1,51539
1,443
1,443
1,443
1,51539
1,443
1,443
1,443
1,51539
1,443
1,443
1,443
1,443
1,443
1,443
1,51505
1,443
1,443
1,51539
1,443
1,443
1,51505
1,443
1,443
1,51505
1,443
1,443
1,51505
1,443
1,443
1,443
1,51505
1,443
1,443
1,443
1,51505
1,443
1,443
1,51539
1,443
1,443
1,51539
1,443
1,443
1,51539
1,443
1,443
1,443
1,51539
1,443
1,443
1,51539
1,443
1,443
1,443
1,443
1,51505
1,443
1,443
1,51505
1,443
1,443
1,443
1,51539
1,443
1,51505
1,443
1,443
1,51505
1,443
1,443
1,51505
1,443
1,443
1,51505
1,443
1,443
1,443
1,51505
1,443
1,443
1,51539
1,443
1,443
1,51505
1,443
1,443
1,51539
1,443
1,443
1,51539
1,443
1,443
1,51539
1,443
1,443
1,443
1,443
1,51539
1,443
1,443
1,443
1,51505
1,443
1,443
1,51505
1,443
1,443
1,51505
1,443
1,443
1,51505
1,51505
1,443
1,443
1,51539
1,443
1,443
1,443
1,51505
1,443
1,443
1,51505
1,443
1,443
1,51505
1,443
1,443
1,443
1,51505
1,443
1,443
1,51505
1,443
1,443
1,51505
1,443
1,51539
1,443
1,443
1,51505
1,443
1,443
1,51539
1,443
1,443
1,51539
1,443
1,443
1,51539
1,443
1,443
1,51539
1,443
1,443
1,51539
1,443
1,443
1,51505
1,443
1,443
1,51539
1,443
1,443
1,443
1,443
1,443
1,51539
1,51505
1,443
1,443
1,51539
1,443
1,443
1,51539
1,443
1,443
1,51539
1,443
1,443
1,51539
1,443
1,443
1,51539
1,443
1,51464
1,443
1,443
1,51539
1,443
1,443
1,51539
1,443
1,443
1,443
1,443
1,51505
1,443
1,443
1,443
1,443
1,443
1,443
1,443
1,443
1,443
1,443
1,443
1,443
1,443
1,443
1,443
1,443
1,443
1,443
1,443
1,443
1,443
1,443
1,443
1,443
1,51505
1,51505
1,443
1,443
1,51505
1,443
1,443
1,443
1,51505
1,443
1,443
1,443
1,51505
1,443
1,51539
1,443
1,443
1,443
1,51539
1,443
1,443
1,51505
1,443
1,51539
1,443
1,443
1,51539
1,443
1,443
1,51539
1,443
1,443
1,51539
1,443
1,443
1,51539
1,443
1,443
1,443
1,51505
1,443
1,443
1,51505
1,443
1,443
1,443
1,51505
1,443
1,443
1,51505
1,443
1,443
1,443
1,51505
1,443
1,443
1,51505
1,443
1,51539
1,443
1,443
1,51464
1,443
1,443
1,443
1,51505
1,443
1,443
1,51505
1,443
1,51539
1,443
1,443
1,51539
1,443
1,443
1,443
1,51505
1,443
1,51539
1,443
1,443
1,51539
1,443
1,443
1,443
1,51505
1,443
1,443
1,51505
1,443
1,443
1,443
1,51505
1,443
1,443
1,443
1,51539
1,51505
1,443
1,443
1,443
1,51505
1,443
1,443
1,51505
1,443
1,443
1,51505
1,443
1,443
1,51505
1,443
1,443
1,443
1,51505
1,443
1,443
1,443
1,51505
1,443
1,443
1,51539
1,443
1,443
1,443
1,443
1,443
1,443
1,51505
1,443
1,443
1,443
1,51505
1,443
1,443
1,51505
1,443
1,443
1,51505
1,443
1,443
1,51539
1,443
1,51505
1,443
1,443
1,443
1,51505
1,443
1,443
1,443
1,443
1,443
1,443
1,443
1,443
1,443
1,443
1,443
1,443
1,443
1,443
1,51539
1,51539
1,443
1,443
1,443
1,51539
1,443
1,51505
1,443
1,443
1,443
1,51539
1,443
1,443
1,51539
1,443
1,443
1,51505
1,443
1,443
1,443
1,51539
1,443
1,443
1,51505
1,443
1,443
1,51505
1,443
1,443
1,51505
1,443
1,443
1,443
1,51505
1,443
1,443
1,51505
1,443
1,443
1,443
1,443
1,443
1,51505
1,443
1,443
1,443
1,51505
1,443
1,443
1,443
1,51539
1,443
1,443
1,443
1,51539
1,443
1,443
1,51539
1,443
1,443
1,51539
1,51539
1,443
1,443
1,443
1,443
1,51505
1,443
1,443
1,51505
1,443
1,443
1,51539
1,443
1,51505
1,443
1,443
1,443
1,51539
1,443
1,443
1,51539
1,443
1,443
1,51539
1,443
1,443
1,51539
1,443
1,443
1,51539
1,443
1,443
1,51539
1,443
1,443
1,443
1,443
1,443
1,443
1,443
1,443
1,443
1,443
1,443
1,443
1,443
1,443
1,443
1,443
1,443
1,443
1,443
1,443
1,443
1,443
1,443
1,443
1,443
1,443
1,443
1,51505
1,51505
1,443
1,443
1,51505
1,51525
1,443
1,443
1,51505
1,443
1,443
1,443
1,51539
1,443
1,51505
1,443
1,443
1,443
1,51539
1,443
1,51505
1,443
1,443
1,51505
1,443
1,443
1,443
1,443
1,51505
1,443
1,443
1,51505
1,51527
1,443
1,443
1,51505
1,443
1,443
1,51464
1,443
1,443
1,51505
1,443
1,443
1,51505
1,443
1,443
1,51505
1,443
1,443
1,443
1,443
1,443
1,443
1,443
1,443
1,443
1,443
1,443
1,443
1,443
1,443
1,443
1,51539
1,51539
1,443
1,443
1,51539
1,443
1,443
1,443
1,51505
1,443
1,51539
1,443
1,443
1,51539
1,443
1,443
1,51539
1,443
1,443
1,443
1,443
1,443
1,443
1,443
1,443
1,443
1,443
1,443
1,443
1,443
1,443
1,443
1,443
1,443
1,443
1,443
1,443
1,51505
1,51505
1,443
1,443
1,51505
1,443
1,443
1,51505
1,443
1,443
1,51505
1,443
1,443
1,51505
1,443
1,443
1,443
1,443
1,443
1,443
1,443
1,443
1,443
1,443
1,443
1,443
1,443
1,51505
1,51464
1,51505
1,443
1,443
1,443
1,51505
1,443
1,51464
1,443
1,443
1,443
1,443
1,443
1,443
1,443
1,443
1,443
1,443
1,51505
1,51505
1,443
1,443
1,51505
1,443
1,443
1,443
1,443
1,443
1,443
1,51505
1,443
1,443
1,51464
1,443
1,443
1,51505
1,443
1,443
1,51505
1,443
1,443
1,443
1,51505
1,443
1,443
1,51505
1,443
1,443
1,51505
1,443
1,443
1,51505
1,443
1,443
1,51505
1,443
1,443
1,443
1,51505
1,443
1,443
1,51505
1,443
1,443
1,51464
1,443
1,51505
1,443
1,443
1,443
1,51505
1,443
1,443
1,51464
1,443
1,443
1,443
1,443
1,443
1,443
1,443
1,443
1,443
1,443
1,443
1,443
1,51505
1,443
1,443
1,443
1,443
1,51505
1,51505
1,443
1,443
1,51505
1,443
1,443
1,443
1,51505
1,443
1,443
1,51505
1,443
1,443
1,443
1,51505
1,443
1,443
1,51505
1,443
1,443
1,51505
1,443
1,443
1,51505
1,443
1,443
1,51505
1,443
1,443
1,51505
1,443
1,443
1,51505
1,443
1,443
1,443
1,443
1,51505
1,443
1,443
1,443
1,443
1,51505
1,443
1,443
1,443
1,51505
1,443
1,51464
1,443
1,443
1,443
1,443
1,51464
1,443
1,443
1,51505
1,443
1,443
1,51464
1,443
1,443
1,443
1,443
1,51505
1,443
1,443
1,443
1,51464
1,443
1,443
1,51505
1,443
1,443
1,51505
1,443
1,51464
1,443
1,443
1,51464
1,443
1,443
1,51505
1,443
1,443
1,51505
1,443
1,443
1,51464
1,443
1,443
1,443
1,51505
1,443
1,443
1,51505
1,443
1,51464
1,443
1,443
1,51505
1,443
1,443
1,443
1,51505
1,443
1,51464
1,443
1,443
1,443
1,51505
1,443
1,51464
1,443
1,443
1,51505
1,443
1,443
1,51505
1,443
1,443
1,443
1,51505
1,443
1,443
1,51505
1,443
1,443
1,51505
1,51544
1,443
1,443
1,443
1,51505
1,443
1,443
1,51505
1,51545
1,443
1,51544
1,51544
1,443
1,443
1,51545
1,51545
1,443
1,443
1,443
1,51505
1,443
1,443
1,51505
1,443
1,443
1,443
1,443
1,51545
1,443
1,443
1,443
1,443
1,443
1,443
1,51464
1,51545
1,443
1,443
1,443
1,51505
1,443
1,51545
1,443
1,443
1,51544
1,443
1,51544
1,443
1,443
1,443
1,51545
1,51545
1,51545
1,443
1,51539
1,443
1,51505
1,443
1,443
1,51505
1,443
1,51539
1,51546
1,443
1,51546
1,51546
1,443
1,443
1,443
1,51546
1,443
1,443
1,51546
1,51546
1,443
1,443
1,51546
1,443
1,443
1,443
1,51546
1,51546
1,443
1,443
1,443
1,443
1,51464
1,443
1,443
1,51544
1,443
1,443
1,51464
1,443
1,443
1,51464
1,443
1,443
1,51464
1,51547
1,443
1,443
1,51547
1,51547
1,443
1,443
1,443
1,51547
1,443
1,443
1,51547
1,51547
1,443
1,443
1,51464
1,443
1,51547
1,443
1,443
1,51547
1,443
1,443
1,51547
1,443
1,443
1,51464
1,443
1,443
1,51464
1,443
1,443
1,51464
1,51548
1,443
1,51548
1,51548
1,443
1,443
1,443
1,443
1,443
1,443
1,443
1,443
1,51464
1,443
1,443
1,51548
1,443
1,51548
1,443
1,51549
1,443
1,51464
1,443
1,443
1,51464
1,443
1,51549
1,51549
1,443
1,443
1,443
1,51549
1,443
1,51549
1,443
1,443
1,51548
1,443
1,443
1,443
1,51464
1,443
1,443
1,51549
1,443
1,443
1,51464
1,443
1,443
1,51464
1,443
1,443
1,51464
1,443
1,443
1,51464
1,51550
1,443
1,443
1,51550
1,51550
1,443
1,443
1,51464
1,51551
1,443
1,443
1,443
1,443
1,51550
1,443
1,443
1,51464
1,443
1,51551
1,51550
1,443
1,51551
1,443
1,443
1,443
1,443
1,51550
1,443
1,443
1,443
1,443
1,443
1,51551
1,51551
1,443
1,443
1,51464
1,443
1,51550
1,443
1,443
1,51550
1,443
1,443
1,51551
1,443
1,443
1,443
1,51551
1,443
1,443
1,51551
1,443
1,51464
1,443
1,443
1,51464
1,443
1,443
1,51464
1,443
1,443
1,443
1,443
1,443
1,443
1,443
1,443
1,51464
1,51464
1,443
1,443
1,51464
1,443
1,443
1,51464
1,443
1,443
1,51464
1,443
1,443
1,51464
1,443
1,443
1,51464
1,443
1,443
1,51464
1,443
1,443
1,51464
1,443
1,443
1,51464
1,443
1,443
1,51464
1,443
1,443
1,51464
1,443
1,443
1,51464
1,443
1,443
1,443
1,443
1,443
1,443
1,443
1,443
1,51464
1,51464
1,443
1,443
1,51464
1,51552
1,443
1,80
1,51552
1,51552
1,80
1,443
1,51464
1,80
1,51552
1,51552
1,80
1,443
1,443
1,443
1,51464
1,443
1,443
1,51464
1,51548
1,51549
1,443
1,443
1,51544
1,443
1,443
1,443
1,51548
1,51549
1,443
1,443
1,443
1,443
1,443
1,443
1,443
1,51464
1,443
1,443
1,51544
1,443
1,51464
1,443
1,51553
1,443
1,51464
1,443
1,51553
1,51553
1,443
1,443
1,443
1,51464
1,443
1,443
1,443
1,51553
1,51553
1,443
1,443
1,51553
1,443
1,443
1,443
1,443
1,51553
1,51553
1,443
1,443
1,443
1,51464
1,443
1,443
1,443
1,443
1,443
1,51464
1,443
1,443
1,51464
1,443
1,443
1,51464
1,443
1,443
1,51464
1,443
1,443
1,443
1,443
1,443
1,443
1,51464
1,443
1,443
1,51464
1,443
1,443
1,51464
1,443
1,443
1,51464
2,65129
2,65129
1,443
1,443
1,51464
1,443
1,443
1,443
1,443
1,51464
1,443
1,443
1,51464
1,443
1,51434
1,443
1,51464
1,80
1,443
1,443
1,51464
1,443
1,443
1,51464
1,443
1,443
1,51464
2,65129
2,65129
1,443
1,443
1,443
1,51464
1,443
1,443
1,51464
1,443
1,443
1,51464
1,443
1,443
1,51464
1,443
1,51554
1,443
1,51464
1,443
1,51554
1,51554
1,443
1,443
1,51554
1,443
1,51554
1,443
1,443
1,443
1,51464
1,443
1,443
1,51554
1,51555
1,443
1,51555
1,51555
1,443
1,443
1,443
1,51555
1,443
1,443
1,51555
1,51555
1,443
1,443
1,51555
1,443
1,443
1,51555
1,51555
1,443
2,65129
2,65129
1,51556
1,443
1,51554
1,443
1,443
1,51464
1,443
1,51554
1,443
1,51556
1,51556
1,443
1,443
1,443
1,443
1,443
1,443
1,51464
1,443
1,51556
1,443
1,51556
1,443
1,443
1,443
1,51464
1,443
1,443
1,51464
1,443
1,443
1,51556
1,443
1,443
1,443
1,51464
1,51557
1,443
1,443
1,51557
1,51557
1,443
1,443
1,51464
1,443
1,443
1,443
1,51557
1,443
1,443
1,51557
1,51557
1,443
1,443
1,51557
1,443
1,443
1,51464
1,443
1,51557
1,51557
1,443
1,443
1,443
1,51464
1,443
1,443
1,51464
1,443
1,443
1,51464
1,443
1,443
1,51464
1,443
1,443
1,51464
1,443
1,443
1,51464
1,443
1,443
1,51464
1,443
1,443
1,443
1,51464
1,443
1,443
1,51464
1,443
1,51558
1,443
1,51464
1,443
1,51558
1,51558
1,443
1,443
1,443
1,443
1,443
1,51558
1,51558
1,443
1,443
1,51558
1,443
1,443
1,51558
1,443
1,443
1,51558
1,443
1,443
1,443
1,443
1,443
1,443
1,443
1,443
1,51464
1,51464
1,443
1,443
1,51464
1,443
1,443
1,51464
1,443
1,443
1,51464
1,443
1,443
1,443
1,51464
1,443
1,443
1,51464
1,443
1,443
1,443
1,51464
1,443
1,443
1,51464
1,443
1,443
1,51464
1,443
1,443
1,51464
1,443
1,443
1,51464
1,443
1,443
1,51464
1,443
1,443
1,51464
1,443
1,443
1,51464
1,443
1,443
1,51464
1,443
1,443
1,51464
1,443
1,443
1,51464
1,443
1,443
1,51464
1,443
1,443
1,51464
1,443
1,443
1,51464
1,443
1,443
1,51464
1,443
1,443
1,443
1,443
1,443
1,443
1,443
1,443
1,443
1,51464
1,51464
1,443
1,443
1,51464
1,443
1,443
1,51464
1,443
1,443
1,51464
1,443
1,443
1,443
1,443
1,443
1,443
1,443
1,51464
1,51559
1,443
1,51559
1,51559
1,443
1,51560
1,443
1,51560
1,51560
1,443
1,443
1,51559
1,443
1,51559
1,443
1,443
1,51560
1,443
1,51560
1,443
1,443
1,443
1,51559
1,443
1,443
1,443
1,443
1,51464
1,443
1,51560
1,51561
1,443
1,51561
1,51561
1,443
1,443
1,443
1,443
1,51561
1,443
1,51561
1,443
1,443
1,443
1,51561
1,443
1,443
1,51464
1,443
1,51561
1,443
1,443
1,51561
1,51559
1,443
1,51560
1,51556
1,443
1,443
1,443
1,51560
1,443
1,51559
1,443
1,51556
1,443
1,443
1,51464
1,51562
1,443
1,51562
1,51562
1,443
1,443
1,51562
1,443
1,51562
1,443
1,51563
1,443
1,51563
1,51563
1,443
1,443
1,51562
1,443
1,443
1,51563
1,443
1,443
1,443
1,51562
1,51562
1,443
1,443
1,443
1,51562
1,51562
1,443
1,443
1,443
1,51562
1,443
1,443
1,51464
1,51562
1,443
1,443
1,443
1,51562
1,443
1,443
1,443
1,51464
1,443
1,443
1,51464
1,443
1,443
1,443
1,51464
1,443
1,443
1,51464
1,443
1,443
1,443
1,51464
2,62410
1,51566
1,443
1,443
1,51464
1,51567
2,53
1,51568
1,51569
1,51570
1,51571
1,51572
1,443
1,51566
1,51566
1,443
1,443
1,443
1,51571
1,51568
1,51571
1,443
1,51568
1,443
1,443
1,443
1,51570
1,51569
1,51570
1,443
1,51569
1,443
1,443
1,51572
1,443
1,443
1,51571
1,443
1,443
1,51571
1,443
1,443
1,443
1,443
1,51568
1,443
1,443
1,443
1,443
1,51570
1,443
1,443
1,51569
1,443
1,443
1,51569
1,51571
1,443
1,51568
1,443
1,51570
1,443
1,51569
1,443
1,443
1,51567
1,443
1,51571
1,443
1,443
1,51568
1,443
1,443
1,51570
1,443
1,443
1,51566
1,443
1,51566
1,443
1,443
1,51569
1,443
1,443
1,443
1,51568
1,443
1,443
1,51568
1,443
1,443
1,51571
1,443
1,51570
1,51571
1,51571
1,443
1,51572
1,443
1,51570
1,51570
1,443
1,443
1,51573
1,51574
1,443
1,51569
1,51569
1,443
1,51575
1,443
1,51574
1,51574
1,443
1,443
1,51573
1,51573
1,443
1,443
1,443
1,51572
1,443
1,443
1,51572
1,443
1,51575
1,51572
1,443
1,51575
1,443
1,443
1,51464
1,443
1,443
1,51574
1,443
1,443
1,51574
1,51574
1,443
1,443
1,51572
1,443
1,443
1,443
1,51573
1,443
1,443
1,51573
1,51573
1,443
1,443
1,443
1,443
1,51575
1,443
1,51575
1,443
1,443
1,51574
1,443
1,443
1,443
1,51572
1,51572
1,51572
1,443
1,443
1,443
1,51573
1,443
1,51575
1,443
1,443
1,443
1,51574
1,443
1,443
1,443
1,443
1,51573
1,51575
1,51574
1,443
1,51575
1,443
1,51573
1,443
1,443
1,51566
1,443
1,443
1,443
1,51464
1,51563
1,51562
1,443
1,443
1,51567
1,443
1,443
1,443
1,51563
1,51562
1,443
1,51567
1,443
1,443
1,443
1,443
1,443
1,443
1,443
1,443
1,443
1,443
1,51566
1,51566
1,443
1,443
1,443
1,443
1,51464
1,443
1,443
1,51464
1,443
1,443
1,51566
1,443
1,443
1,443
1,443
1,51566
1,443
1,443
1,51566
1,443
1,443
1,51566
1,443
2,52803
1,443
1,443
1,51566
1,443
1,443
1,51566
1,443
1,443
1,51566
1,443
1,443
1,51566
1,443
1,443
1,51566
1,443
1,51464
1,443
1,51464
1,443
1,51464
1,443
2,49731
2,62296
2,59224
1,443
1,51566
2,64598
2,49964
2,60157
1,443
1,443
1,443
1,443
1,443
1,51566
1,443
1,443
1,51566
2,53
2,63845
1,443
1,443
1,443
1,443
1,443
1,443
1,443
1,443
1,443
1,443
1,51566
1,51566
2,53
2,53
2,53
2,53
2,53
2,52671
1,51576
1,51577
1,443
1,443
1,443
1,443
1,51464
1,443
1,443
1,443
1,443
1,443
1,443
1,443
1,443
1,443
1,443
1,51566
1,51566
1,80
1,80
1,51576
1,51577
1,51577
1,51577
1,80
1,80
1,51576
1,51576
1,80
1,80
1,443
2,53
2,49736
1,443
1,443
1,51566
1,443
1,443
1,51566
1,443
1,443
1,51566
1,443
1,443
1,51464
1,443
1,443
1,51566
1,443
2,49731
2,49731
2,53
1,443
1,443
1,51464
1,443
1,443
1,443
1,443
1,443
1,443
1,51566
2,49676
1,51464
1,443
1,443
1,443
1,51566
1,443
1,443
1,51566
1,443
1,80
1,51577
1,51577
1,80
1,80
1,51576
1,51576
1,80
1,443
1,51464
1,443
1,443
1,443
1,443
1,51566
1,443
1,443
1,51566
1,443
1,443
1,51566
1,51566
2,53
1,51464
1,443
2,51266
1,443
1,443
1,443
1,51566
1,443
1,443
1,443
1,51566
2,53
1,443
1,51464
2,53
2,53
1,443
1,443
1,51566
1,443
1,443
1,51566
1,443
1,443
1,51566
1,443
1,443
1,51566
1,51566
1,51464
1,443
1,51464
1,443
2,53
1,51578
1,51579
1,51580
1,51581
1,51582
1,51583
1,443
2,53
1,51584
1,443
1,51464
1,80
1,51584
1,51584
1,80
1,443
1,51580
1,51580
1,443
1,443
1,51581
1,443
1,443
1,51579
1,51582
1,51581
1,443
1,51579
1,443
1,51582
1,443
1,443
1,443
1,443
1,443
1,443
1,443
1,443
1,443
1,443
1,443
1,443
1,443
1,443
1,443
1,51566
1,51566
1,80
1,51584
1,51584
1,80
1,51464
1,443
1,51464
1,443
1,51464
1,443
1,51464
1,443
1,51464
1,443
1,51464
1,443
1,51464
1,443
1,51464
1,443
1,443
1,443
1,51583
1,51578
1,51583
1,443
1,51578
1,443
1,51464
1,443
1,51464
1,443
1,51464
1,443
1,51464
1,443
1,51464
1,443
1,51464
1,443
1,51464
1,443
1,443
1,443
1,443
1,443
1,51566
1,443
1,443
1,51566
1,443
1,443
1,51566
1,443
1,443
1,443
1,51580
1,443
1,443
1,51580
1,443
1,443
1,443
1,51582
1,443
1,443
1,443
1,443
1,443
1,51582
1,51581
1,443
1,443
1,51579
1,443
1,443
1,51579
1,51580
1,443
1,51582
1,443
1,51581
1,443
1,51582
1,51581
1,443
1,51580
1,443
1,443
1,51580
1,51580
1,443
1,51580
1,443
1,51580
1,443
1,51580
1,443
1,51580
1,443
1,443
1,51579
1,443
1,51464
1,443
1,51464
1,443
1,51464
1,443
1,51464
1,443
1,51464
1,443
1,51464
1,443
1,443
1,51566
1,443
1,443
1,51583
1,443
1,443
1,51583
1,51583
1,443
1,443
1,443
1,51578
1,443
1,443
1,51578
1,51578
1,443
1,443
1,443
1,443
1,51566
1,443
1,443
1,51566
1,443
1,443
1,51566
1,443
1,443
1,51566
1,443
1,443
1,51580
1,443
1,443
1,443
1,51582
1,51581
1,443
1,443
1,51566
1,443
1,51579
1,443
1,443
1,443
1,443
1,443
1,443
1,51566
1,443
1,443
1,443
1,443
1,51580
1,443
1,443
1,443
1,51580
1,443
1,443
1,443
1,51580
1,443
1,443
1,443
1,51583
1,51578
1,443
1,51566
1,443
1,51580
1,443
1,443
1,443
1,443
1,443
1,443
1,51580
1,443
1,443
1,443
1,51580
1,443
1,443
1,443
1,51580
1,443
1,443
1,443
1,443
1,51580
1,443
1,443
1,443
1,443
1,443
1,443
1,443
1,443
1,443
1,443
1,443
1,443
1,443
1,443
1,443
1,51566
1,443
1,51580
1,51566
1,51464
1,443
1,51464
1,443
1,51464
1,443
1,443
1,443
1,51566
1,443
1,443
1,51580
1,443
1,443
1,51580
1,443
1,443
1,443
1,51580
1,443
1,443
1,443
1,51580
1,443
1,443
1,51580
1,443
1,443
1,51580
1,443
1,443
1,51580
1,443
1,443
1,51580
1,443
1,443
1,51566
1,443
1,443
1,51566
1,443
1,443
1,443
1,51566
1,443
1,443
1,51566
1,443
1,443
1,443
1,443
1,51464
1,443
1,51580
1,443
1,443
1,51580
1,443
1,443
1,443
1,51580
1,443
1,443
1,51566
1,443
1,443
1,51580
1,443
1,443
1,51580
1,443
1,443
1,443
1,443
1,443
1,51580
1,443
1,443
1,443
1,51566
1,443
1,443
1,443
1,51566
1,443
1,443
1,51566
1,443
1,443
1,51566
1,51585
2,58651
1,443
1,51580
1,51464
1,443
1,51586
1,443
1,443
1,51580
1,443
1,443
1,443
1,51580
1,443
1,443
1,51580
1,443
1,443
1,443
1,443
1,443
1,51580
1,443
1,443
1,51580
1,443
1,443
1,51586
1,51586
1,443
1,51587
1,443
1,443
1,51580
1,443
1,443
1,443
1,51586
1,51586
1,443
1,51588
1,51589
1,443
1,443
1,443
1,443
1,443
1,443
1,443
1,51580
1,443
1,443
1,443
1,443
1,443
1,443
1,51580
1,443
1,443
1,51585
1,443
1,51464
1,443
1,51585
1,443
1,443
1,443
1,443
1,443
1,443
1,51580
1,443
1,443
1,443
1,443
1,51580
1,443
1,51580
1,443
1,443
1,51580
1,443
1,51586
1,443
1,443
1,443
1,443
1,51580
1,443
1,443
1,51586
1,51586
1,443
1,443
1,443
1,443
1,51580
1,443
1,443
1,443
1,51580
1,443
1,443
1,443
1,51580
1,443
1,443
1,51580
1,443
1,443
1,51580
1,443
1,443
1,443
1,443
1,443
1,443
1,443
1,51580
1,443
1,443
1,51580
1,443
1,443
1,443
1,443
1,443
1,443
1,51580
1,443
1,443
1,443
1,51580
1,443
1,443
1,443
1,51580
1,443
1,443
1,443
1,51580
1,443
1,443
1,443
1,51580
1,443
1,443
1,443
1,443
1,51580
1,443
1,443
2,53
1,51587
1,51590
1,51591
1,51587
1,443
1,443
1,51588
1,51588
1,443
1,443
1,51589
1,443
1,51580
1,443
1,51591
1,443
1,51590
1,51591
1,443
1,51590
1,443
1,443
1,443
1,51585
1,443
1,443
1,51585
1,443
1,443
1,51580
1,443
1,443
1,51580
1,443
1,443
1,51580
1,443
1,443
1,51580
1,443
1,443
1,51580
1,443
1,443
1,51580
1,443
1,443
1,51580
1,443
1,443
1,51580
1,443
1,443
1,51580
1,443
1,443
1,443
1,51580
1,443
1,443
1,443
1,51580
1,443
1,443
1,443
1,443
1,51590
1,443
1,443
1,51591
1,443
1,443
1,51591
1,443
1,51580
1,443
1,443
1,51580
1,443
1,443
1,51580
1,443
1,443
1,51580
1,443
1,443
1,51580
1,443
1,443
1,443
1,443
1,51580
1,443
1,443
1,51580
1,51590
1,443
1,51591
1,443
1,51580
1,443
1,51590
1,443
1,443
1,51591
1,443
1,443
1,443
1,443
1,443
1,51587
1,443
1,443
1,51587
1,51587
1,443
1,51587
1,443
1,51587
1,51587
1,443
1,443
1,51587
1,443
1,443
1,51590
1,51590
1,443
1,443
1,443
1,51588
1,443
1,443
1,51588
1,443
1,51588
1,443
1,443
1,51591
1,51591
1,443
1,443
1,443
1,443
1,51464
1,443
1,51587
1,443
1,443
1,443
1,51588
1,443
1,443
1,443
1,51464
1,443
1,443
1,51587
1,443
1,443
1,51587
1,443
1,443
1,51587
1,443
1,443
1,443
1,443
1,51587
1,443
1,443
1,51587
1,443
1,443
1,51464
1,443
1,443
1,443
1,51587
1,443
1,443
1,51587
1,443
1,443
1,51587
1,443
1,443
1,51587
1,443
1,443
1,51587
1,443
1,443
1,51587
1,443
1,51464
1,443
1,443
1,443
1,51587
1,443
1,51464
1,443
1,443
1,51464
1,443
1,443
1,443
1,51464
1,443
1,51587
1,443
1,443
1,443
1,443
1,443
1,443
1,51587
1,443
1,443
1,443
1,51585
1,443
1,443
1,51587
1,443
1,51464
1,443
1,443
1,443
1,51587
1,443
1,443
1,443
1,51587
1,443
1,443
1,443
1,443
1,51587
1,51464
1,443
1,443
1,51587
1,443
1,443
1,51587
1,443
1,443
1,51585
1,443
1,443
1,51464
1,443
1,443
1,443
1,51587
1,443
1,443
1,443
1,51464
1,443
1,443
1,443
1,443
1,443
1,443
1,443
1,443
1,51587
1,443
1,51464
1,443
1,443
1,443
1,443
1,443
1,443
1,443
1,443
1,443
1,443
1,443
1,443
1,443
1,443
1,443
1,443
1,443
1,443
1,51587
1,51587
1,443
1,443
1,443
1,51587
1,443
1,443
1,51587
1,443
1,443
1,443
1,443
1,51587
1,443
1,443
1,51587
1,443
1,443
1,51587
1,443
1,443
1,51587
1,443
1,443
1,443
1,443
1,443
1,443
1,443
1,443
1,443
1,443
1,51587
1,51587
1,443
1,443
1,443
1,443
1,443
1,443
1,443
1,443
1,443
1,443
1,443
1,443
1,443
1,51587
1,51587
1,51579
1,51579
1,443
1,51583
1,51583
1,443
1,51578
1,51578
1,443
1,51588
1,51588
1,51585
1,443
1,51585
1,443
1,51566
1,51589
1,443
1,443
1,51580
1,443
1,443
1,443
1,51587
1,443
1,443
1,51587
2,63896
1,443
1,51464
1,443
1,443
1,51587
1,443
1,443
1,51587
1,443
1,51580
1,443
1,51566
1,443
2,55308
1,443
1,51587
1,443
1,51589
2,53
1,51592
1,51593
1,51594
1,443
1,443
1,51592
1,51593
1,51592
1,443
1,51593
1,443
1,443
1,51594
1,51594
1,443
2,53
1,443
1,443
1,51593
1,443
1,443
1,443
1,51592
1,443
1,51595
1,51593
1,443
1,51592
1,443
1,443
1,443
1,443
1,51594
1,51594
1,443
1,443
1,51595
1,51595
1,443
1,443
1,51593
1,443
1,443
1,51592
1,443
1,443
1,51594
1,443
1,443
1,51595
1,443
1,51595
1,443
1,443
1,443
1,443
1,443
1,51587
1,443
1,443
1,51593
1,443
1,443
1,51592
1,443
1,51594
2,55419
1,51596
1,51597
1,51598
1,51599
1,51593
1,51593
1,443
1,51592
1,51592
1,443
1,51594
1,443
1,51600
1,443
1,443
1,51597
1,51597
1,443
1,443
1,51596
1,51596
1,443
1,443
1,51598
1,51598
1,443
1,443
1,51600
1,51600
1,443
1,443
1,51595
1,443
1,443
1,51597
1,443
1,51597
1,443
1,443
1,443
1,51598
1,443
1,443
1,443
1,51596
1,443
1,51598
1,443
1,443
1,443
1,51600
1,443
1,51596
1,443
1,51600
1,443
1,51601
1,443
1,51597
1,443
1,443
1,51598
1,443
1,443
1,51600
1,443
1,443
1,51596
1,443
1,443
2,53
1,51602
1,443
1,443
1,51597
1,51597
1,443
1,443
1,443
1,443
1,443
1,51600
1,51598
1,51600
1,51600
1,443
1,51598
1,51598
1,443
1,443
1,51602
1,51602
1,443
1,51603
1,443
1,443
1,443
1,51602
1,51596
1,443
1,443
1,443
1,51602
1,443
1,51596
1,51602
1,443
1,443
1,51601
1,51601
1,443
1,51604
1,443
1,51602
1,443
1,443
1,443
1,51602
1,51602
1,443
1,443
1,51603
1,51603
1,443
1,443
1,51604
1,443
1,443
1,51601
1,443
1,443
1,51603
1,443
1,51603
1,443
1,51603
1,443
1,443
1,51601
1,443
1,51603
1,443
1,443
1,51599
1,443
1,443
1,51603
1,443
1,443
1,443
1,51603
1,443
1,443
1,443
1,51603
1,443
1,443
1,51601
1,51601
1,443
1,51601
1,443
1,51601
1,443
1,443
1,443
1,443
1,443
1,443
1,443
1,443
1,443
1,443
1,443
1,443
1,443
1,51603
1,51603
1,51603
1,443
1,443
1,443
1,51603
1,443
1,443
1,443
1,51601
1,51601
1,443
1,443
1,51603
1,51603
1,443
1,443
1,443
1,443
1,51603
1,443
1,443
1,51603
1,443
1,443
1,443
1,51601
1,443
1,51603
1,51603
1,443
1,443
1,443
1,51601
1,443
1,443
1,51601
1,51605
1,51606
1,443
1,51587
1,443
1,443
1,443
1,443
1,443
1,443
1,443
1,443
1,443
1,443
1,443
1,51603
1,51603
1,443
1,51606
1,443
1,51605
1,51606
1,51605
1,443
1,443
1,443
1,51601
1,443
1,443
1,51603
1,443
1,443
1,51606
1,443
1,51606
1,443
1,443
1,443
1,443
1,51605
1,51605
1,443
2,61289
1,443
1,51606
1,443
1,443
1,443
1,51605
1,443
1,443
1,443
1,443
1,51603
1,443
1,443
1,443
1,51603
1,443
1,443
1,443
1,51606
1,51606
1,443
1,443
1,51605
1,443
1,443
1,51605
1,443
1,51587
1,443
1,51603
1,443
1,443
1,443
1,51603
1,443
1,443
1,51603
2,5353
2,5353
2,5353
2,5353
1,443
1,443
1,51603
1,443
1,443
1,51603
1,443
2,53
1,51607
1,443
1,443
1,51603
1,443
1,443
1,51587
1,443
1,51607
1,51607
1,443
1,443
1,443
1,443
1,51607
1,443
1,443
1,443
1,51607
1,51607
1,443
1,51607
1,443
1,443
1,443
1,51603
1,443
1,443
1,443
1,51603
1,443
1,443
1,51607
1,443
1,51603
1,443
1,443
1,51603
1,443
1,443
1,443
1,51607
1,443
1,443
1,51607
1,443
1,443
1,51607
1,443
1,443
1,51607
1,443
1,443
1,51607
1,443
1,51603
1,443
1,443
1,51607
1,443
1,443
1,51607
1,443
1,443
1,51607
1,443
1,443
1,51607
1,443
1,443
1,51607
1,51587
1,443
1,51587
1,443
1,443
1,443
1,51603
1,443
1,443
1,443
1,51603
1,443
1,443
1,51607
1,443
1,51603
1,443
1,443
1,51607
1,443
1,443
1,51607
1,443
1,443
1,51607
1,443
1,443
1,51607
1,443
1,443
1,51607
1,51587
1,443
1,51587
1,443
1,51587
1,443
1,51587
1,443
1,51607
1,443
1,51587
1,443
1,51587
1,443
2,62354
2,64036
2,49672
2,56185
2,49789
1,51608
1,443
1,443
1,443
1,51587
1,443
1,51607
1,443
1,80
1,51608
1,51608
1,51608
1,80
1,80
1,443
1,51587
1,443
1,443
1,443
1,443
1,443
1,443
1,443
1,443
1,443
1,443
1,443
1,51603
1,51603
1,443
1,443
1,51603
2,53
1,51587
1,443
2,53
1,51609
2,53
2,56038
2,53
2,63729
1,443
1,443
1,51603
1,443
1,80
1,51608
1,51608
1,80
1,443
1,51603
1,443
1,443
1,51603
2,58023
1,51610
1,443
1,443
1,443
1,443
1,443
1,443
1,51587
1,443
1,51609
1,51609
1,443
1,443
1,443
1,443
1,51603
2,49672
2,49672
1,443
1,443
1,51603
1,443
1,443
1,443
1,51603
2,53
1,51611
2,53
1,443
1,51587
1,443
1,51610
1,80
1,51611
1,51611
1,80
1,443
1,443
1,51609
1,443
1,443
1,443
1,51609
1,443
1,51609
1,443
1,51609
1,443
1,51609
1,443
1,80
1,51611
1,51611
1,80
1,443
1,51587
2,53
1,443
1,443
1,51603
2,53
1,443
1,443
1,443
1,443
1,51603
1,443
1,443
1,443
1,51587
2,53
1,443
1,51603
1,443
1,51609
1,443
1,443
1,443
1,443
1,51603
1,443
1,443
1,443
1,51603
1,443
1,443
1,51603
1,443
1,51587
1,443
1,443
1,443
1,443
1,51609
1,443
1,443
1,51587
1,443
2,68
2,67
1,443
1,51603
2,5353
2,5353
2,5353
2,5353
1,443
1,443
1,443
1,51603
1,443
1,51609
1,443
1,51587
1,443
2,53
1,443
1,443
1,443
1,51603
1,443
1,443
1,51587
1,443
1,443
1,51603
1,443
1,51587
1,443
1,443
1,443
1,51603
1,443
1,51587
1,443
1,443
1,443
1,51603
1,443
1,443
1,51603
1,443
1,443
1,51603
1,443
1,443
1,51603
1,443
1,443
1,443
1,443
1,443
1,443
1,51587
1,443
1,51607
1,51595
1,51604
1,443
1,443
1,443
1,51599
1,51610
1,443
1,443
1,51601
1,51609
1,443
1,51603
1,443
1,443
1,443
1,51587
1,443
1,443
1,51595
1,443
1,51607
1,51434
1,80
1,443
1,51587
1,443
1,51604
1,443
1,51610
1,443
1,51603
1,443
1,443
1,51587
1,443
1,51599
1,443
1,51601
1,443
1,443
1,51587
1,443
1,443
1,51587
1,51612
1,51464
1,51464
1,443
1,443
1,51464
1,443
1,51464
1,443
1,51464
1,443
1,51464
1,443
1,51464
1,443
1,51464
1,443
1,51464
1,443
1,51464
1,443
1,443
1,51612
1,51612
1,443
1,443
1,443
1,443
1,443
1,51612
1,51612
1,443
1,443
1,51612
1,443
1,443
1,51612
1,51612
1,443
1,443
1,51609
1,443
1,443
1,443
1,443
1,443
1,443
1,443
1,51587
1,443
1,51587
1,51587
1,51587
1,443
1,443
1,443
1,51587
1,51587
1,443
1,443
1,51587
1,51587
1,443
1,51464
1,443
1,51464
1,443
1,443
1,51464
1,443
1,51464
1,51464
1,443
1,443
1,51464
1,51464
1,443
1,51464
1,443
1,443
1,51464
1,443
1,443
1,443
1,51587
1,443
1,443
1,51587
1,443
1,443
1,51587
1,443
1,443
1,443
1,51587
1,443
1,443
1,51587
1,443
1,443
1,443
1,51587
1,443
1,443
1,51587
1,51464
1,51464
1,51464
1,443
1,443
1,443
1,51464
1,443
1,51464
1,51464
1,443
1,51464
1,443
1,51464
1,443
1,443
1,51464
1,51464
1,443
1,51464
1,443
1,51464
1,443
1,51464
1,443
1,51464
1,443
1,443
1,51464
1,51464
1,443
1,443
1,51464
1,51464
1,443
1,443
1,51464
1,51464
1,443
1,51464
1,443
1,51464
1,443
1,443
1,51464
1,443
1,51464
1,443
1,51464
1,443
1,51464
1,443
1,51464
1,443
1,51464
1,443
1,51464
1,443
1,51464
1,443
1,51464
1,443
1,51464
1,443
1,51464
1,443
1,443
1,443
1,443
1,443
1,443
1,443
1,443
1,51587
1,443
1,443
1,51587
1,443
1,443
1,51587
1,443
1,443
1,51587
2,137
1,443
1,443
1,51587
1,443
1,443
1,51587
1,51464
1,51464
1,51464
1,443
1,443
1,51464
1,443
1,51464
1,443
1,51464
1,443
1,51464
1,443
1,51464
1,443
1,51464
1,443
1,51464
1,443
1,51464
1,443
1,443
1,51464
1,51464
1,443
1,51464
1,443
1,443
1,51464
1,443
1,51464
1,443
1,51464
1,443
1,51464
1,443
1,51464
1,443
1,51464
1,51464
1,443
1,443
1,51464
1,51464
1,443
1,443
1,51464
1,51464
1,443
1,51464
1,443
1,51464
1,443
1,51464
1,443
1,51464
1,443
1,51464
1,443
1,51464
1,443
1,443
1,51464
1,51464
1,443
1,51464
1,443
1,51464
1,443
1,443
1,51464
1,443
1,51464
1,443
1,51464
1,443
1,51464
1,443
1,443
1,443
1,443
1,443
1,443
1,443
1,51587
2,53980
1,443
1,443
1,51587
2,53
1,51613
1,51614
1,443
1,443
1,51587
2,137
1,443
1,51613
1,51613
1,443
1,51615
1,443
1,51614
2,60905
1,443
1,443
1,51587
1,51616
1,443
1,51615
1,51615
1,443
2,57764
2,50233
2,50549
2,57505
1,51614
1,443
1,443
1,51616
1,51616
1,443
2,60485
1,443
1,443
1,443
1,443
1,51615
1,51615
1,443
1,443
1,443
1,443
1,51616
1,443
1,51616
1,443
1,443
1,51615
1,443
1,443
1,443
1,51613
1,443
1,443
1,51613
1,443
1,443
1,51587
1,51613
1,443
1,51613
1,443
1,51613
1,443
1,51613
1,51613
1,443
1,51613
1,443
1,443
1,443
1,51616
1,443
1,443
1,443
1,443
1,51614
1,443
1,443
1,51614
1,51614
1,443
2,53
1,51617
1,51618
1,51619
2,50476
1,443
2,53
1,51620
2,53
1,51621
1,443
1,51615
1,443
1,51616
1,51622
1,51623
1,51624
2,53
2,53
1,443
2,53
1,443
1,51625
1,51626
1,51627
1,51628
1,51613
1,443
1,51629
1,443
1,443
1,443
1,51618
1,51619
1,51617
1,51618
1,443
1,51617
1,443
1,51619
1,443
1,51630
1,443
1,51620
1,51620
1,443
1,443
1,51621
1,51621
1,443
1,443
1,443
1,443
1,51622
1,51624
1,51623
1,443
1,443
1,51618
1,443
1,443
1,51618
2,53
1,443
1,443
1,51617
1,443
1,443
1,443
1,443
1,51617
1,51619
1,443
1,443
1,51619
1,443
1,443
1,51625
1,51626
1,51618
1,443
1,80
1,51628
1,443
1,51629
1,51617
1,443
1,51625
1,443
1,51626
1,443
1,51619
1,443
1,51628
1,80
1,51629
1,443
1,51631
1,80
1,51627
1,51627
1,80
1,443
1,51614
1,443
1,443
1,51621
1,443
1,443
1,51621
1,51621
1,443
1,443
1,443
1,443
1,443
1,51620
1,51620
1,443
1,443
1,51618
1,443
1,80
1,51630
1,443
1,443
1,443
1,51631
1,51617
1,443
1,51619
1,443
1,51631
1,443
1,443
1,443
1,51625
1,443
1,443
1,51625
1,443
1,443
1,51626
1,443
1,443
1,51626
1,51625
1,443
1,51626
1,443
1,443
1,443
1,51629
1,443
1,443
1,51629
1,80
1,51628
1,51629
1,443
1,51628
1,80
1,51632
1,80
1,51627
1,51627
1,80
1,443
1,443
1,51621
1,443
1,51620
1,443
1,443
1,443
1,443
1,51613
1,443
1,443
1,51613
1,443
1,443
1,51613
1,443
1,51618
1,51618
1,51618
1,443
1,443
1,443
1,51631
1,443
1,443
1,443
1,51619
1,443
1,443
1,51619
1,443
1,443
1,51619
1,443
1,51619
1,443
1,443
1,443
1,443
1,51617
1,443
1,443
1,51617
1,443
1,443
1,443
1,51617
1,51625
1,443
1,443
1,51617
1,51629
1,443
1,51623
1,443
1,51619
1,51619
1,443
1,51617
1,51617
1,443
1,443
1,51632
1,51632
1,443
1,51624
1,443
1,51633
1,443
1,443
1,51621
1,443
1,51620
1,443
1,443
1,51631
1,51631
1,443
1,51631
1,443
1,51634
2,57244
1,443
1,443
1,443
1,443
1,51623
1,443
1,443
1,443
1,443
1,443
1,51632
1,51624
1,443
1,443
1,51624
1,51623
1,443
1,51626
1,443
1,51624
1,443
1,443
1,51633
1,443
1,51633
1,443
1,443
1,443
1,51635
1,51620
1,443
1,443
1,51634
1,51634
1,443
1,443
1,51636
1,443
1,443
1,51625
1,51625
1,443
1,51637
1,443
1,443
1,51629
1,443
1,443
1,51629
1,51629
1,443
1,443
1,51629
1,443
1,51638
1,443
1,51624
1,443
1,443
1,443
1,443
1,51633
1,443
1,51635
1,443
1,443
1,443
1,443
1,51587
1,51633
1,443
1,51636
1,443
1,51635
1,443
1,51636
1,443
1,51620
1,443
1,443
1,51621
1,443
1,443
1,443
1,51626
1,51626
1,443
1,443
1,51631
1,443
1,443
1,443
1,443
1,51637
1,51638
1,51625
1,51637
1,443
1,443
1,443
1,51634
1,51638
1,443
1,443
1,51634
1,443
1,51634
1,443
1,443
1,443
1,51623
1,443
1,443
1,51635
1,443
1,443
1,51635
1,51635
1,443
1,443
1,443
1,51636
1,443
1,443
1,443
1,51636
1,51636
1,443
1,443
1,443
1,443
1,51626
1,51633
1,443
1,443
1,443
1,51637
1,443
1,443
1,51637
1,51637
1,443
1,443
1,443
1,51638
1,443
1,443
1,51638
1,51638
1,443
1,443
1,51634
1,443
1,443
1,51624
1,443
1,443
2,53
1,51639
1,443
1,443
1,443
1,51620
1,443
1,443
1,443
1,443
1,443
1,51613
1,443
1,443
1,443
1,443
1,443
1,443
1,443
1,443
1,51633
1,51633
1,443
1,443
1,51639
1,51639
1,443
1,443
1,443
1,51634
1,51634
1,443
1,443
1,443
1,51635
1,51636
1,443
1,443
1,51613
1,443
1,443
1,443
1,51587
1,443
1,51637
1,443
1,51638
1,443
1,443
1,443
1,443
1,51639
1,51639
1,443
1,443
1,443
1,51639
1,443
1,51640
2,54167
1,443
1,51587
1,443
2,60781
2,58861
2,61056
2,55932
2,57228
2,137
1,443
1,443
1,443
1,51639
1,443
1,51613
1,443
1,443
1,51640
1,51640
1,443
1,443
1,51613
1,443
1,443
1,51640
1,443
1,443
1,51640
1,51640
1,443
1,443
1,51613
1,51613
1,51613
1,443
1,443
1,443
1,443
1,443
1,443
1,443
1,51613
2,53
1,51641
1,443
1,51587
1,443
2,53
2,53
1,51642
1,51643
1,51644
2,53
1,51645
1,51646
2,53
1,51647
2,53
1,443
1,51640
1,51648
1,51649
1,51650
1,443
1,443
1,51587
1,443
1,443
1,51613
1,51651
1,443
1,443
1,443
1,51613
1,443
1,51641
1,51641
1,443
1,443
1,51587
1,443
1,443
1,80
1,51644
1,443
1,51613
1,443
1,51641
1,443
1,443
1,80
1,51651
1,51645
1,443
1,443
1,51613
1,443
1,443
1,51587
1,443
1,80
1,80
1,51613
1,51646
1,51647
1,443
1,80
1,80
1,80
1,51642
1,51643
1,51648
1,80
1,80
1,51649
1,51650
1,443
1,443
1,51587
1,443
1,443
1,443
1,51613
1,443
1,443
1,51613
1,443
1,443
1,443
1,51641
1,443
1,51613
1,443
1,51587
1,443
1,443
1,51613
1,443
1,443
1,443
1,51613
1,443
1,443
1,443
1,51587
1,443
1,443
1,51632
1,51632
1,443
1,443
1,443
1,443
1,51613
1,443
1,443
1,51613
1,443
1,443
1,443
1,51632
1,443
1,51587
1,443
1,51613
1,443
1,443
1,51587
1,443
1,443
1,51587
1,443
1,443
1,51587
1,443
1,443
1,51587
1,51614
1,443
1,51614
1,51624
1,51620
1,443
1,443
1,51635
1,51636
1,443
1,51638
1,443
1,443
1,51640
1,51621
1,443
1,51623
1,443
1,443
1,51631
1,51641
1,51641
1,443
1,443
1,51625
1,51626
1,443
1,443
1,51637
1,51632
1,443
1,51639
1,443
1,51615
1,51616
1,443
1,51644
1,443
1,443
1,51647
1,80
1,80
1,51645
1,51646
1,51642
1,80
1,80
1,51643
1,80
1,51648
1,51649
1,80
1,51650
1,80
1,51630
1,80
1,80
1,80
1,51622
1,51651
1,443
1,443
1,51587
1,51464
1,443
1,443
1,443
1,443
1,443
1,443
1,51624
1,51638
1,51635
1,51616
1,443
1,443
1,443
1,443
1,443
1,443
1,51631
1,51620
1,51621
1,51622
1,51636
1,51623
1,443
1,443
1,443
1,443
1,443
1,443
1,51615
1,51632
1,51637
1,51626
1,51625
1,51639
1,443
1,80
1,51640
1,51630
1,443
1,443
1,51651
1,443
1,51613
1,80
1,51644
1,80
1,80
1,80
1,51647
1,51646
1,51645
1,80
1,80
1,80
1,80
1,51649
1,51643
1,51642
1,51650
1,80
1,51648
1,443
1,51587
2,138
1,51613
1,443
1,443
1,51613
1,51434
1,80
1,51653
1,80
1,51653
1,51653
1,80
1,80
1,51653
1,51653
1,80
1,51464
1,443
1,51434
1,80
1,51464
1,443
1,51434
1,80
2,137
2,137
2,137
1,443
2,62549
2,53
1,51655
1,80
1,51655
1,51655
1,80
1,80
1,80
1,51655
1,51655
1,80
1,80
1,51655
1,51434
1,80
1,80
1,80
1,51434
2,63794
2,53
2,123
2,123
2,68
2,67
2,49597
2,49597
2,65129
2,63553
2,63553
2,65129
2,65129
2,59564
2,53
2,65129
2,65129
2,65129
3,0
3,0
3,0
3,0
3,0
3,0
3,0
3,0
3,0
3,0
3,0
3,0
3,0
3,0
3,0
1,51434
1,80
3,0
2,137
2,137
2,137
1,51434
1,80
1,51434
1,80
1,51434
1,80
2,137
2,137
2,137
1,51434
1,80
1,51434
1,80
1,80
1,80
1,51434
2,137
2,137
2,137
1,51434
1,80
1,51434
1,80
2,63088
2,53
1,51663
1,80
1,51663
1,51663
1,80
1,80
1,80
1,51663
1,51663
1,80
1,80
1,51663
1,51434
1,80
2,138
2,137
2,137
2,137
1,51434
1,80
1,51434
1,80
1,51434
1,80
1,80
1,80
1,51434
2,137
2,137
2,137
2,138
1,51434
1,80
1,51434
1,80
1,51434
1,80
2,137
2,137
2,137
1,51434
1,80
2,5353
2,5353
2,5353
2,5353
2,68
2,67
2,5353
2,5353
2,5353
2,5353
1,51434
1,80
2,137
2,137
2,137
1,51434
1,80
1,80
1,80
1,51434
2,5353
2,5353
2,5353
2,5353
1,51434
1,80
2,53830
2,53830
2,53830
2,53830
2,53830
2,53
1,51675
1,80
1,51675
1,51675
1,80
1,80
1,80
1,51675
1,51675
1,80
1,80
1,51675
1,51434
1,80
2,137
2,68
2,67
2,52310
2,52310
2,65129
2,50533
2,50533
2,137
2,137
2,65129
2,65129
2,65129
2,63892
2,63892
2,63892
2,53
1,51678
1,80
1,51678
1,51678
1,80
1,80
1,80
1,51678
2,65129
2,65129
1,51678
1,80
1,80
1,51678
1,51434
1,80
3,0
2,57223
3,0
2,57223
2,57223
3,0
2,57223
2,57223
2,53
3,0
2,54688
2,53
3,0
3,0
3,0
3,0
3,0
3,0
3,0
3,0
3,0
3,0
3,0
3,0
3,0
3,0
3,0
3,0
3,0
3,0
3,0
3,0
3,0
3,0
3,0
3,0
3,0
3,0
3,0
3,0
3,0
3,0
3,0
3,0
3,0
3,0
3,0
3,0
3,0
3,0
3,0
3,0
3,0
3,0
3,0
3,0
3,0
3,0
3,0
3,0
3,0
3,0
3,0
3,0
3,0
3,0
3,0
3,0
3,0
3,0
3,0
3,0
3,0
3,0
3,0
3,0
3,0
1,51434
1,80
2,65129
2,65129
3,0
3,0
3,0
3,0
3,0
3,0
2,65129
2,65129
3,0
3,0
3,0
3,0
3,0
3,0
2,65129
2,65129
3,0
3,0
3,0
3,0
3,0
3,0
3,0
3,0
3,0
3,0
3,0
3,0
3,0
3,0
3,0
3,0
1,51434
1,80
2,137
2,137
2,137
1,51434
1,80
1,80
1,80
1,51434
1,51434
1,80
2,138
2,137
2,137
2,137
1,51434
1,80
1,51434
1,80
1,51434
1,80
2,137
2,137
2,137
2,138
1,51434
1,80
1,51434
1,80
2,51959
2,53
1,51690
1,80
1,51690
1,51690
1,80
1,80
1,80
1,51690
1,80
1,80
1,51434
1,51690
1,80
1,80
1,51690
2,137
2,137
2,137
1,51434
1,80
1,51434
1,80
1,51434
1,80
2,137
2,137
2,137
1,51434
1,80
1,51434
1,80
1,51434
1,80
2,5353
2,5353
2,5353
2,5353
2,68
2,67
2,5353
2,5353
2,5353
2,5353
1,80
1,80
1,51434
2,137
2,137
2,137
1,51434
1,80
1,51434
1,80
1,51434
1,80
2,137
2,137
2,137
1,51434
1,80
2,68
2,67
2,55940
2,55940
2,65129
2,58341
2,58341
2,65129
2,65129
2,65129
2,65129
2,65129
2,50043
2,53
2,63786
2,53
1,51699
1,80
1,51699
1,51699
1,80
1,80
1,80
1,51699
1,51434
1,80
2,54699
2,53
1,51700
1,80
1,51700
1,51700
1,80
1,80
1,51700
1,80
1,80
1,51700
1,51699
1,80
1,80
1,51699
3,0
2,138
3,0
3,0
3,0
3,0
3,0
3,0
2,137
3,0
2,137
2,137
3,0
3,0
3,0
3,0
3,0
1,51434
1,80
3,0
3,0
2,52413
2,53
1,51702
1,80
1,51702
1,51702
1,80
1,80
1,51702
1,51702
1,80
1,51434
1,80
1,51703
1,80
1,51703
1,51703
1,80
1,51703
1,80
1,80
1,51434
3,0
1,80
1,51703
1,80
1,80
1,51703
1,80
1,51703
1,80
1,80
1,80
1,51703
1,51703
1,80
1,80
1,80
1,51703
1,80
1,51703
1,80
1,80
1,51703
1,80
1,51703
1,80
2,68
2,67
2,5353
2,5353
2,5353
2,5353
2,5353
2,5353
2,64441
2,53906
2,53906
2,53906
1,51703
1,80
2,53906
2,68
2,67
2,53906
2,52277
2,52277
2,52277
2,52277
2,55508
2,53
3,0
2,55511
3,0
2,49333
2,64441
2,49333
2,55511
3,0
2,53906
3,0
2,63560
2,63560
2,137
2,137
2,137
2,56881
2,53
2,50794
2,53
2,53906
2,57381
2,57381
2,137
2,137
2,137
2,137
2,137
2,137
2,64441
2,57461
3,0
2,53
2,58927
2,137
2,137
2,137
2,53
2,63331
2,137
2,137
2,137
2,137
2,53
3,0
2,137
2,137
2,137
2,137
2,137
3,0
2,137
2,5353
2,5353
2,55249
2,55249
2,59849
2,53
2,68
2,67
3,0
3,0
3,0
2,54078
2,137
2,137
2,137
2,61063
2,63958
2,63958
2,53
3,0
2,53
2,60112
2,51344
2,51344
2,53
2,62002
2,53
2,63397
2,52277
2,52277
2,51345
2,137
2,53
2,137
2,137
2,52277
2,51345
2,63402
2,63400
2,63402
3,0
2,63400
2,137
2,137
2,137
2,51976
3,0
2,58747
2,61250
2,53
1,63129
1,63130
2,53
2,53
1,63131
1,63132
2,137
1,63133
1,63134
2,137
2,137
3,0
2,137
2,137
2,137
3,0
2,63400
2,63400
2,63400
2,63400
2,61251
2,137
2,137
2,137
2,61251
2,137
3,0
2,137
2,137
1,63129
1,63130
1,63131
1,63132
1,63133
1,63134
3,0
2,63400
2,63400
2,63400
2,63400
3,0
3,0
3,0
3,0
1,63129
1,63130
1,63131
1,63132
1,63133
1,63134
3,0
3,0
1,80
1,63137
1,80
1,63138
1,80
1,63137
1,63137
1,80
1,80
1,63139
1,80
1,63140
1,80
1,63138
1,80
1,63141
1,80
1,63142
1,80
1,63137
1,80
1,80
1,63137
1,80
1,63139
1,63139
1,80
1,80
1,63140
1,63140
1,80
1,80
1,63141
1,80
1,63142
1,80
1,80
1,63140
1,80
1,80
1,63140
1,80
1,63139
1,63139
1,80
1,51703
1,80
1,63142
1,63138
1,80
1,80
1,63141
1,80
1,80
1,80
1,63142
1,63138
1,80
1,63141
1,51703
1,80
2,60413
2,6000
2,60413
2,6000
1,51703
1,80
2,60413
2,6000
2,137
2,137
2,60413
2,6000
2,137
2,60413
2,6000
2,60413
2,6000
2,60413
2,6000
2,60413
2,6000
2,60413
2,60413
2,6000
1,51703
1,80
1,80
2,55594
2,53668
2,53
2,53
1,63162
1,63163
1,63162
1,63163
1,63162
1,63163
2,58952
2,53
2,51502
2,53
1,443
1,63164
1,443
1,63165
2,63400
2,63400
1,63164
1,63165
2,63400
2,63400
2,63400
2,63400
1,63164
1,63165
1,443
1,443
2,54751
2,53
2,56249
2,53
2,30031
2,53
2,137
2,137
2,137
2,60333
2,53
1,63168
1,80
1,63168
1,63168
1,80
1,80
1,80
1,63168
1,63168
1,80
1,80
1,63168
2,137
2,137
2,137
2,137
2,137
2,137
1,63174
1,80
1,63174
1,63174
1,63174
1,80
1,80
1,80
1,63174
1,80
1,80
1,63174
1,80
1,80
1,63174
1,80
1,80
1,80
1,63174
1,63174
1,80
2,138
1,63174
1,80
2,137
2,137
2,137
1,80
1,63174
1,80
1,80
1,63174
1,80
